0.000221
-0.000687
-0.000160
-0.000757
-0.002601
-0.001888
0.000654
0.001648
0.001871
0.001261
0.000496
0.000511
0.001731
-0.000437
-0.002541
0.000916
-0.000086
-0.003592
0.000345
-0.000709
0.002465
0.001142
0.001476
0.001420
0.001292
0.000242
0.000487
-0.000284
-0.000048
0.001038
0.001536
-0.001203
-0.001702
-0.002081
-0.001021
-0.000597
-0.000139
-0.001916
0.000335
0.001243
-0.000043
-0.000417
0.000606
-0.001844
-0.000091
-0.001776
-0.001538
-0.000558
0.000271
0.000165
-0.001276
-0.000110
-0.002286
0.000313
-0.000206
0.002059
-0.000573
0.000584
0.001268
-0.001844
-0.001281
-0.001132
-0.000761
0.000432
0.002272
-0.000811
-0.001965
-0.000675
0.001746
-0.001341
0.002303
-0.000051
0.000064
-0.002230
0.000659
-0.000773
0.001642
-0.000134
0.001090
-0.001187
-0.001346
0.000107
0.001998
-0.000577
0.001936
-0.000961
-0.000311
0.000479
0.000475
0.000535
0.000045
-0.002046
0.000574
0.001020
-0.002662
-0.001156
0.001985
0.002077
-0.000107
0.001155
0.000591
0.000436
0.001994
-0.001489
0.003386
-0.000420
0.002331
-0.001857
-0.001109
-0.000634
0.000649
-0.002903
0.002206
-0.002391
0.000055
0.001603
0.000201
0.001642
0.000729
-0.001653
0.002452
0.000922
0.000494
0.000749
0.000049
0.001526
0.000253
-0.001452
0.000347
0.000434
0.001800
0.000163
0.000934
-0.000845
-0.000919
-0.000685
-0.000732
-0.001714
0.000011
-0.000799
-0.000269
-0.000803
0.000638
-0.001289
-0.000803
0.000841
-0.000192
0.000611
0.000247
-0.001657
-0.002865
-0.001350
-0.002137
0.001629
-0.000482
0.000021
-0.002278
-0.000760
-0.002229
0.000047
-0.001131
0.001195
0.001412
0.001910
-0.001619
0.000597
0.001656
-0.001055
0.000659
0.000859
0.001152
0.003182
0.000866
-0.001737
-0.001902
0.000356
0.001044
-0.000865
0.000287
-0.001460
0.001432
-0.001818
-0.001112
-0.000422
-0.001291
-0.001707
-0.000240
0.000298
-0.000034
-0.002503
0.000471
-0.001004
0.000791
-0.002987
0.003177
-0.000640
0.001297
-0.001181
0.000425
-0.000363
0.000170
0.001934
-0.000504
-0.001157
0.001317
-0.000390
0.000565
-0.000303
-0.001790
-0.001946
0.000132
0.000734
0.000161
-0.002214
-0.001940
0.001063
0.001091
-0.002515
0.001392
-0.000760
0.001098
0.001449
0.002972
0.001479
0.000881
0.001602
0.002767
-0.002204
-0.002662
0.002770
0.000548
0.000768
-0.001703
-0.001701
-0.000443
-0.000961
0.000620
-0.001536
0.001885
-0.001179
0.000531
0.000045
-0.000053
-0.000869
-0.000677
-0.000450
-0.001929
0.000518
0.001099
0.002534
0.000046
-0.001171
0.001311
0.001221
0.002287
-0.001574
-0.001487
-0.001872
0.001436
0.000490
0.001152
0.000521
0.000814
0.001047
0.000821
-0.000692
0.003309
-0.000870
0.000509
0.000761
0.001729
0.000092
0.000472
-0.001238
0.000899
0.000859
0.000324
0.001189
0.000755
0.000106
-0.001155
-0.000122
0.000706
-0.001304
-0.001646
0.000446
-0.001272
-0.001805
-0.001559
0.001335
-0.003576
0.001133
0.000337
0.000767
0.002893
0.000495
-0.000942
0.000307
-0.002380
0.000487
0.000407
0.000220
0.000119
-0.001162
0.000519
-0.000545
-0.000940
0.001259
-0.000635
0.001044
0.001934
0.000635
0.001529
0.000752
0.001994
-0.001148
0.000196
-0.001161
0.002296
0.001334
0.001578
-0.000571
0.000293
-0.000354
-0.001151
-0.001838
-0.000857
0.001109
-0.000453
0.002631
0.001386
0.001030
0.003097
-0.000752
0.000809
0.001133
0.000502
-0.000815
-0.000280
0.000940
-0.000379
0.000228
0.000795
-0.000816
-0.000913
-0.043978
-0.042641
-0.042511
-0.044303
-0.041490
-0.041625
-0.042090
-0.001355
-0.001039
0.000198
0.000657
-0.000651
0.000083
-0.000688
-0.000063
-0.000189
0.001346
0.002693
0.001662
-0.001497
0.001349
-0.000509
-0.002213
-0.001432
0.000431
0.001790
-0.000247
-0.000313
-0.001956
-0.001625
0.001953
0.000919
-0.000679
0.002416
-0.000262
-0.000796
0.000047
0.000978
0.001582
0.001965
0.000712
0.000304
-0.000030
0.000587
-0.001499
-0.000907
-0.002980
0.000148
0.000221
0.000588
0.001309
0.000056
0.000765
0.000662
0.001561
0.001960
0.001290
0.000143
0.002230
0.001295
-0.000475
-0.000900
-0.002354
0.002853
0.001879
0.001336
0.002093
-0.000860
-0.000939
0.001828
0.000601
-0.000231
0.051950
0.051387
0.051751
0.051842
0.051872
0.051776
0.051884
0.000594
0.052052
0.051680
0.051658
0.051757
0.051982
0.051325
0.051584
0.000829
-0.000762
-0.001583
-0.000186
0.000822
-0.000021
-0.000595
-0.000174
-0.001818
0.000558
-0.000758
-0.001828
0.000786
0.002280
0.001842
0.000121
-0.001022
0.000213
0.000888
-0.000732
-0.000799
-0.000346
-0.000895
-0.001198
0.001287
-0.001131
0.000279
0.000460
0.000002
0.000158
-0.000346
-0.000481
-0.001433
-0.000135
0.001885
0.000285
-0.000058
-0.001156
-0.002476
0.000595
-0.000629
-0.049892
-0.049885
-0.049534
-0.049423
-0.050073
-0.049662
-0.049712
0.000927
-0.057024
-0.056894
-0.040167
-0.040671
-0.041029
-0.040448
-0.047270
0.001272
-0.013954
-0.048082
-0.044071
-0.046816
-0.051103
-0.053483
-0.056830
0.000610
0.057486
0.057292
0.053888
0.031606
0.035196
0.031771
0.032199
0.002361
-0.000558
-0.001840
-0.001239
-0.001429
-0.003196
0.001594
-0.001717
0.000394
-0.001218
0.001629
0.000000
0.000897
-0.002008
-0.000997
0.001253
0.001808
-0.000778
0.002304
-0.001610
0.000480
-0.000961
-0.001958
0.000581
-0.001450
0.000503
-0.001307
-0.003303
0.000548
0.000460
-0.002955
0.001466
0.001967
-0.000852
0.000692
0.000179
0.000761
0.002457
0.000812
-0.000643
0.001980
-0.057287
-0.057348
-0.057417
-0.057491
-0.057560
-0.057604
-0.057245
-0.001416
-0.057710
-0.057714
-0.057706
-0.057291
0.054482
0.057554
0.057683
0.000502
0.057731
0.057731
0.057728
0.057728
0.057725
0.057724
0.057725
0.001767
0.057728
0.057722
0.057726
0.057731
0.057733
0.057729
0.057726
0.001526
0.057728
0.057731
0.057722
0.057702
0.057712
0.057717
0.057701
0.001162
0.057692
0.057701
0.057708
0.057697
0.057685
0.057707
0.057713
0.001411
0.057724
0.057728
0.057729
0.057728
0.057729
0.057729
0.057726
0.001254
0.057715
0.057698
0.057642
0.057644
0.057670
0.057685
0.057696
-0.001070
0.054105
0.034822
0.037641
0.037162
0.035903
0.036697
0.038006
0.000842
-0.002189
-0.000670
-0.000873
0.004014
-0.000389
-0.001531
0.000965
-0.002670
0.000285
0.000460
-0.000923
-0.002802
-0.000967
-0.001386
-0.000471
0.000726
0.001018
0.001749
0.000119
0.000962
0.001831
0.001878
-0.000775
0.001205
-0.057626
-0.057631
-0.057636
-0.057641
-0.057650
-0.057657
-0.057667
0.000031
-0.057725
-0.057725
-0.057098
0.057717
0.057731
0.057728
0.057730
0.001185
0.057734
0.057734
0.057734
0.057733
0.057733
0.057733
0.057734
0.000993
0.057734
0.057734
0.057734
0.057734
0.057734
0.057734
0.057734
0.000088
0.057733
0.057734
0.057734
0.057734
0.057733
0.057733
0.057733
-0.001023
0.057734
0.057734
0.057734
0.057734
0.057734
0.057733
0.057733
0.001064
0.057734
0.057734
0.057734
0.057734
0.057734
0.057734
0.057733
0.001358
0.057733
0.057734
0.057734
0.057734
0.057734
0.057733
0.057733
0.001978
0.057734
0.057734
0.057733
0.057733
0.057734
0.057733
0.057733
-0.000814
0.057733
0.057734
0.057734
0.057734
0.057734
0.057733
0.057733
0.000552
0.057733
0.057733
0.057733
0.057733
0.057733
0.057734
0.057733
0.000434
0.057734
0.057734
0.057734
0.057733
0.057733
0.057733
0.057734
0.003496
0.057733
0.057734
0.057734
0.057734
0.057734
0.057734
0.057733
0.000809
0.057733
0.057734
0.057734
0.057734
0.057733
0.057733
0.057734
-0.000196
0.057734
0.057733
0.057733
0.057734
0.057734
0.057734
0.057733
-0.001609
0.057734
0.057734
0.057733
0.057733
0.057733
0.057733
0.057733
-0.001705
0.057734
0.057733
0.057733
0.057733
0.057734
0.057733
0.057733
-0.000144
0.057733
0.057733
0.057734
0.057734
0.057734
0.057734
0.057733
-0.000803
0.057733
0.057733
0.057733
0.057733
0.057734
0.057733
0.057733
0.002731
0.057734
0.057734
0.057734
0.057734
0.057733
0.057733
0.057732
0.000255
0.057734
0.057733
0.057733
0.057733
0.057734
0.057733
0.057732
0.000750
0.057733
0.057734
0.057734
0.057734
0.057734
0.057733
0.057733
-0.002946
0.057734
0.057734
0.057734
0.057734
0.057734
0.057734
0.057734
0.001469
0.057734
0.057733
0.057733
0.057734
0.057733
0.057733
0.057733
-0.000059
0.057733
0.057734
0.057734
0.057733
0.057733
0.057733
0.057733
0.001468
0.057733
0.057733
0.057733
0.057733
0.057733
0.057733
0.057733
0.001854
0.057733
0.057733
0.057733
0.057733
0.057733
0.057733
0.057733
0.002201
0.057734
0.057733
0.057732
0.057732
0.057731
0.057725
0.057728
0.000992
0.057730
0.057728
0.057727
0.057729
0.057727
0.057712
0.057701
0.000408
0.057721
0.057722
0.057714
0.057697
0.057694
0.057692
0.057684
-0.000994
0.057703
0.057705
0.057695
0.057486
0.055712
0.052344
0.055278
-0.001013
0.056939
0.052498
0.051738
0.050639
0.042261
-0.001044
0.001318
-0.000472
0.000272
-0.000042
0.000905
-0.002187
-0.000492
-0.000047
0.001291
0.001444
-0.000975
0.000184
-0.000783
0.000818
0.003444
0.002031
0.000833
0.000714
-0.000351
-0.001037
0.002284
-0.001207
-0.000982
0.000365
0.000269
-0.000137
-0.026785
-0.029716
-0.026213
-0.026241
-0.026956
-0.025277
-0.026792
0.002419
-0.057581
-0.057591
-0.057605
-0.057615
-0.057627
-0.057644
-0.057658
0.001905
-0.057719
-0.057693
-0.057218
0.057315
0.057724
0.057724
0.057723
-0.000905
0.057732
0.057732
0.057733
0.057731
0.057730
0.057732
0.057733
-0.001160
0.057733
0.057734
0.057733
0.057733
0.057733
0.057734
0.057733
0.001430
0.057734
0.057734
0.057734
0.057734
0.057734
0.057733
0.057733
-0.001689
0.057734
0.057734
0.057734
0.057734
0.057734
0.057733
0.057733
-0.000714
0.057734
0.057734
0.057734
0.057734
0.057734
0.057733
0.057733
-0.000528
0.057734
0.057734
0.057733
0.057733
0.057733
0.057733
0.057733
-0.000499
0.057733
0.057734
0.057733
0.057733
0.057733
0.057733
0.057733
-0.000886
0.057734
0.057733
0.057733
0.057734
0.057733
0.057733
0.057733
0.000327
0.057733
0.057732
0.057732
0.057733
0.057734
0.057733
0.057727
-0.000736
0.057730
0.057731
0.057730
0.057720
0.057714
0.057718
0.057718
-0.002436
0.057714
0.057558
0.057572
0.057592
0.057617
0.057631
0.057575
0.002062
0.057507
0.056000
0.055238
0.055474
0.053661
0.041977
0.041766
0.000099
-0.002141
0.003203
0.001380
0.001827
-0.001417
-0.001805
-0.004153
-0.000496
0.001475
0.001632
0.001548
0.000838
-0.001704
0.001413
-0.002112
0.001073
-0.001668
-0.000857
-0.001909
-0.001490
-0.000497
0.002844
0.001280
-0.000226
-0.000950
0.000787
-0.000494
-0.000120
0.000043
0.002023
-0.000483
-0.000696
-0.049857
-0.050161
-0.049855
-0.049748
-0.050004
-0.051036
-0.049522
-0.000571
-0.057663
-0.057675
-0.057677
-0.057687
-0.057689
-0.057675
-0.057530
-0.001593
0.052364
0.057065
0.057711
0.057709
0.057688
0.057655
0.057624
0.002219
0.057728
0.057730
0.057730
0.057726
0.057727
0.057729
0.057717
-0.001375
0.057728
0.057732
0.057729
0.057720
0.057723
0.057727
0.057721
-0.000694
0.057729
0.057728
0.057730
0.057724
0.057719
0.057719
0.057722
0.000257
0.057732
0.057731
0.057729
0.057729
0.057725
0.057727
0.057725
0.000982
0.057733
0.057733
0.057733
0.057732
0.057728
0.057728
0.057728
-0.001241
0.057731
0.057732
0.057732
0.057731
0.057731
0.057732
0.057733
-0.002489
0.057732
0.057730
0.057730
0.057729
0.057728
0.057730
0.057727
0.000430
0.057734
0.057734
0.057733
0.057733
0.057733
0.057733
0.057733
0.001888
0.057734
0.057734
0.057734
0.057733
0.057733
0.057734
0.057733
0.001433
0.057734
0.057734
0.057734
0.057734
0.057734
0.057733
0.057733
0.000695
0.057733
0.057734
0.057733
0.057733
0.057733
0.057733
0.057733
-0.000587
0.057733
0.057733
0.057733
0.057733
0.057733
0.057733
0.057732
-0.000172
0.057730
0.057727
0.057694
0.057524
0.056921
0.048820
-0.002728
0.000411
-0.000635
0.000749
0.000502
0.001416
-0.000343
0.001687
0.001622
-0.001496
-0.000776
0.001278
0.000264
-0.001732
0.001156
0.002125
-0.001045
0.000935
0.001021
0.002931
0.001026
0.001030
0.002666
0.000851
-0.001309
0.001112
0.001745
0.001038
-0.002400
-0.000044
-0.002028
0.002244
0.001564
0.004755
-0.000832
-0.000210
-0.001252
-0.001552
-0.002411
0.001458
0.002232
-0.003165
-0.001774
-0.000139
0.000894
0.000081
-0.001028
0.003419
0.000828
0.000773
0.002118
-0.001392
-0.000766
0.001123
-0.000875
0.000515
-0.000682
-0.000028
-0.001479
-0.000163
-0.001771
-0.001865
0.000427
-0.000452
0.000088
-0.000042
0.000027
-0.000360
0.000185
0.001580
-0.001040
0.000040
-0.000279
-0.001337
-0.000095
0.000357
-0.000749
0.002091
-0.000386
0.001981
-0.000950
0.000462
-0.000610
0.000697
-0.000790
0.002513
-0.001963
0.000546
-0.001763
0.000882
0.001709
-0.000443
0.000481
-0.001717
-0.000693
-0.000698
0.000630
-0.000321
-0.001012
0.001253
0.002412
0.000699
-0.000446
0.000540
0.002335
0.002490
-0.000477
-0.002102
-0.001499
-0.003565
0.000537
-0.000389
0.001422
0.001920
-0.001308
0.002638
-0.000593
-0.000204
0.001457
0.000989
-0.000833
0.000671
-0.001684
-0.001327
0.000589
-0.000413
-0.002773
-0.000183
0.000960
0.001476
-0.001878
-0.000074
-0.002964
0.000422
-0.002940
0.000034
-0.002156
-0.000040
-0.000436
-0.000896
0.000893
-0.000366
-0.001238
-0.002255
0.001027
-0.002666
0.000525
-0.000489
-0.000629
-0.001903
-0.000230
0.001081
0.000971
-0.000272
0.002149
-0.000189
0.000740
-0.001534
0.000767
-0.000131
-0.000514
0.003330
-0.000051
0.001453
0.000200
-0.003338
0.000760
0.001989
0.002423
-0.001568
-0.001447
-0.000876
0.000336
-0.001014
-0.001256
0.000545
-0.000551
-0.000520
-0.003458
0.002108
0.001490
0.000918
0.000067
-0.000618
0.001430
-0.000380
-0.002410
0.001278
0.002477
-0.000466
-0.001282
0.000011
0.002997
-0.001028
-0.000310
0.001219
0.000224
-0.000645
0.001252
-0.002475
0.001599
-0.002410
-0.001313
-0.000488
-0.000059
-0.001890
-0.000937
0.000312
0.000407
-0.004111
0.000307
-0.000028
0.002874
0.000617
-0.000788
-0.000356
0.001764
-0.000357
-0.001034
-0.000757
-0.000092
0.000074
0.001534
0.001154
-0.000417
0.000379
-0.002699
-0.001578
0.000276
-0.002092
0.000784
0.002436
-0.001740
-0.000123
-0.000626
0.001827
0.000225
0.000908
0.000832
-0.001873
-0.000673
-0.000500
0.002542
0.000860
0.000289
-0.000877
-0.000574
-0.000138
0.003011
0.000665
0.000185
0.001243
0.000707
0.000451
0.000036
-0.003442
0.002653
0.001394
0.002180
-0.002615
0.002801
0.001672
-0.000774
-0.000281
0.001524
-0.000089
-0.000271
-0.002025
-0.000952
-0.000218
0.001357
-0.001367
-0.000572
0.000183
-0.000515
0.000057
-0.001415
0.001948
-0.000017
-0.001385
0.000039
0.000563
0.001830
0.000333
0.000433
0.001203
0.001462
0.000283
0.002729
0.000042
-0.001435
-0.001120
-0.000555
-0.001387
0.001124
0.000597
-0.001050
-0.001537
-0.000283
0.000398
0.000140
-0.000963
-0.001797
-0.002101
-0.001194
-0.001755
-0.052399
-0.051558
-0.049494
0.051714
0.051901
0.051872
0.051519
0.000346
-0.051870
-0.051718
0.051691
0.051748
0.051741
0.052069
0.052035
-0.000312
0.001158
0.001995
0.001562
0.001827
-0.000171
-0.000022
-0.000515
-0.002171
-0.000472
0.001664
-0.000680
-0.000442
-0.000688
0.001370
-0.000073
0.000903
-0.000193
-0.001751
0.001857
-0.000626
-0.001219
-0.001048
0.000211
0.000387
-0.001381
-0.001330
-0.000263
0.003576
-0.001849
0.001591
-0.001209
0.000600
0.000675
-0.000924
0.001193
-0.000413
-0.001027
-0.001081
-0.000508
0.001206
-0.000930
-0.001094
0.000567
-0.001935
-0.000512
0.001334
0.000156
0.000800
0.000784
0.003580
0.001706
0.001325
0.001753
-0.002763
-0.000239
0.001892
-0.046487
-0.046915
-0.045075
-0.043844
-0.017476
-0.000413
0.000095
-0.002886
0.051616
0.042399
0.001125
-0.000458
0.000758
-0.000799
0.002222
-0.000251
0.001226
0.000402
-0.000444
0.001511
0.003176
-0.002534
-0.000356
-0.000943
-0.000412
0.000571
0.000902
0.000400
-0.001647
0.000600
-0.000428
-0.001942
0.000051
-0.002560
-0.000432
-0.000168
-0.000301
0.000295
0.000483
0.001543
0.000427
-0.001412
0.002237
0.000906
0.000560
-0.001329
-0.000318
-0.000274
-0.032693
-0.031715
-0.031461
-0.032642
-0.032504
-0.032994
-0.033977
0.000922
-0.057653
-0.057651
-0.057649
-0.057645
-0.057640
-0.057586
-0.056280
-0.001542
-0.056714
-0.047660
0.031332
0.053064
0.055483
0.056193
0.055676
-0.000900
0.057467
0.057314
0.057366
0.057324
0.057249
0.056494
0.055229
-0.001050
0.057004
0.057087
0.057020
0.056842
0.055804
0.051262
0.052148
0.002009
0.001896
-0.001101
-0.000584
-0.003028
-0.000767
0.001940
0.001534
-0.001599
0.000471
-0.000387
0.001140
-0.001792
-0.002535
-0.001177
0.000293
-0.000222
0.001614
-0.001111
-0.002087
0.001141
0.001144
-0.000979
-0.000712
-0.001280
-0.001124
0.001262
-0.000248
-0.000618
0.001394
0.001888
-0.000453
-0.000836
-0.025837
-0.026337
-0.026781
-0.027083
-0.026920
-0.026322
-0.025371
0.000659
-0.057518
-0.057527
-0.057545
-0.057562
-0.057573
-0.057543
-0.056469
-0.000224
-0.057585
-0.050383
0.057286
0.057711
0.057730
0.057730
0.057727
-0.002084
0.057731
0.057731
0.057732
0.057733
0.057733
0.057730
0.057731
0.000376
0.057733
0.057733
0.057729
0.057726
0.057729
0.057729
0.057721
-0.000413
0.057733
0.057733
0.057733
0.057733
0.057733
0.057732
0.057731
-0.000698
0.057733
0.057734
0.057734
0.057733
0.057733
0.057733
0.057732
0.000543
0.057734
0.057734
0.057734
0.057734
0.057734
0.057733
0.057732
0.000359
0.057734
0.057734
0.057734
0.057734
0.057734
0.057733
0.057733
-0.000551
0.057733
0.057733
0.057734
0.057734
0.057734
0.057734
0.057733
-0.002196
0.057734
0.057734
0.057733
0.057733
0.057733
0.057733
0.057733
-0.001518
0.057733
0.057733
0.057733
0.057733
0.057733
0.057733
0.057732
-0.000493
0.057731
0.057731
0.057723
0.057676
0.057478
0.057028
0.056833
-0.001334
0.054734
0.053267
0.046367
-0.000377
0.001873
0.000151
-0.000911
-0.000966
0.000421
0.001966
0.002843
0.002208
-0.001115
-0.001249
-0.000666
0.000296
-0.000334
0.000734
0.000208
0.000023
0.001598
0.000037
0.001453
0.000551
-0.000016
-0.000664
-0.000524
0.000965
0.000094
0.001432
0.002273
-0.000136
0.001011
-0.000231
-0.003791
-0.001776
-0.000864
-0.000415
0.000418
0.000002
0.000937
-0.000530
-0.000201
-0.000186
0.002179
0.004762
0.000727
0.001732
-0.001544
0.003436
-0.003865
-0.000649
0.000801
0.000097
-0.000851
-0.002145
-0.023303
-0.026526
-0.024478
-0.024832
-0.027072
-0.026044
-0.027399
0.000278
-0.003605
-0.000786
0.000471
-0.000683
0.000451
-0.002483
-0.000438
0.001472
0.001842
0.002400
0.001024
0.000106
-0.000308
-0.000420
0.000311
0.000019
0.000149
0.000175
0.001482
-0.000145
-0.000073
0.000237
-0.000644
-0.001647
0.002691
-0.001540
0.002380
0.000645
-0.000191
-0.002819
0.000409
-0.000565
0.000293
0.000544
-0.001743
0.000163
-0.001953
0.000591
-0.000754
-0.002212
0.001996
-0.001173
-0.000917
-0.001462
-0.000170
0.000650
-0.001550
-0.002007
-0.037188
-0.037197
-0.035869
-0.037559
-0.036532
-0.036576
-0.037198
0.000198
-0.056972
-0.056997
-0.056991
-0.056890
-0.055970
-0.034731
-0.047706
0.002447
0.000540
-0.000611
-0.000210
-0.001147
0.003141
0.000097
-0.000972
0.000845
-0.000101
-0.000620
-0.000450
0.001873
-0.000651
-0.002695
-0.000907
-0.001099
0.003304
-0.000673
0.000632
0.000634
-0.000090
0.000383
0.001000
0.003207
0.000257
0.000602
-0.000698
0.001203
-0.001873
-0.000380
0.001804
-0.000456
-0.001118
-0.001499
-0.000501
0.001212
0.001226
0.001068
-0.000763
-0.001479
-0.000662
0.000188
0.001396
-0.001509
-0.001433
0.002255
0.000915
-0.001076
-0.000479
-0.001123
0.000076
-0.002126
0.000609
0.000182
0.001516
-0.000828
-0.050159
-0.049973
-0.049877
-0.049509
-0.049230
-0.050225
-0.050200
-0.000773
-0.057531
-0.057332
-0.056947
-0.056070
-0.053554
-0.027657
0.022226
0.001057
0.056884
0.057173
0.055637
0.054891
0.043668
0.047022
0.055643
0.001779
0.057650
0.056992
0.051980
0.052264
0.053473
0.055449
0.056377
-0.000599
0.053148
0.053590
0.046246
0.000145
0.001592
0.000941
0.000496
0.002305
0.001915
0.001054
-0.001623
-0.001654
-0.001550
-0.001867
-0.001105
0.002401
-0.001243
0.002331
0.002887
-0.000714
0.000502
0.002405
-0.000186
0.002439
-0.000367
0.000942
0.000666
0.001290
-0.001859
0.000235
0.001041
-0.001727
-0.000191
-0.001692
-0.001047
0.000365
0.002203
-0.002951
0.000814
-0.000052
-0.048291
-0.048267
-0.048220
-0.048208
-0.047584
-0.048406
-0.049096
-0.000983
-0.057707
-0.057701
-0.057508
-0.057220
-0.055012
0.016983
0.057220
-0.000253
0.057728
0.057720
0.057718
0.057724
0.057727
0.057722
0.057715
-0.000081
0.057729
0.057729
0.057730
0.057731
0.057732
0.057730
0.057727
-0.001463
0.057730
0.057731
0.057732
0.057731
0.057728
0.057730
0.057730
-0.002139
0.057732
0.057731
0.057732
0.057733
0.057733
0.057733
0.057733
0.000007
0.057734
0.057732
0.057733
0.057732
0.057730
0.057732
0.057734
-0.000763
0.057734
0.057734
0.057734
0.057734
0.057734
0.057734
0.057733
-0.002081
0.057733
0.057734
0.057733
0.057734
0.057734
0.057734
0.057733
0.000326
0.057734
0.057733
0.057733
0.057733
0.057733
0.057733
0.057733
-0.000244
0.057734
0.057733
0.057733
0.057733
0.057733
0.057733
0.057733
0.000515
0.057733
0.057733
0.057733
0.057733
0.057733
0.057732
0.057731
0.000258
0.057731
0.057725
0.057634
0.057493
0.056900
0.055685
0.054290
-0.000436
0.042136
0.038345
0.001750
0.000495
-0.001398
-0.000541
-0.000007
0.001818
0.002088
0.000091
0.000327
-0.001801
-0.001641
0.000802
-0.000179
0.000741
-0.001803
-0.000245
0.000696
0.001658
0.000073
0.000253
0.001405
0.001228
0.001113
0.000828
0.000095
0.001792
-0.001577
-0.000523
-0.000431
0.001607
0.002776
-0.000467
0.001449
0.000709
-0.001832
0.000757
0.003902
-0.000794
-0.001222
0.000138
-0.000983
0.001423
0.000246
0.000044
-0.000254
-0.000023
-0.000102
-0.000280
0.001887
-0.002319
0.001677
-0.002137
-0.004388
-0.002963
-0.000854
-0.001460
-0.000471
-0.001129
-0.001401
-0.002584
-0.000131
-0.002298
0.001112
-0.000404
0.001052
0.003517
-0.001434
0.001399
0.001754
-0.001229
0.000968
-0.000683
0.000858
-0.001411
-0.000317
-0.001471
-0.003566
0.000328
0.000434
0.000134
0.000740
-0.000248
0.000791
-0.001104
0.001089
-0.001309
0.001045
0.001699
-0.000272
0.000822
-0.000334
0.001116
-0.000368
-0.001853
0.000053
-0.002110
-0.000506
0.001535
-0.001268
-0.000076
0.000686
0.001799
0.000545
0.000004
-0.000614
0.001241
0.000616
-0.001639
0.001112
-0.001009
0.001018
-0.001759
0.000110
0.000547
0.000294
-0.000020
0.001423
-0.000892
-0.056977
-0.056977
-0.057025
-0.056984
-0.057002
-0.057029
-0.057039
0.001800
-0.051978
-0.051623
-0.052054
-0.051498
0.051954
0.051816
0.051862
0.000255
0.002251
0.000270
0.000641
0.001312
0.002914
0.000866
0.000891
-0.000093
-0.001009
0.000489
-0.000483
0.000260
-0.000777
-0.000907
-0.001058
0.000998
-0.000097
0.000712
0.002906
-0.003475
-0.000185
0.001017
-0.001004
-0.000205
-0.000168
0.001670
-0.002065
-0.000228
0.001350
0.000831
-0.000647
-0.002280
-0.000942
-0.000946
0.001531
0.001079
0.000397
0.001992
-0.002636
0.001098
-0.000493
0.002482
0.001548
0.000381
0.003198
0.000859
0.000194
0.001441
-0.057379
-0.057450
-0.057515
-0.057584
-0.057615
-0.057418
-0.056786
0.001146
-0.045215
-0.037785
0.056715
0.056993
0.057148
0.057159
0.056579
0.000706
0.053394
0.054657
0.056821
0.057242
0.055660
0.046915
0.047348
0.000283
-0.000952
-0.001495
0.000932
-0.000619
-0.000026
0.002394
-0.000788
-0.000084
0.001730
-0.001422
-0.001931
-0.000201
0.000521
0.000417
0.000888
-0.001317
-0.000879
0.000078
-0.001599
-0.000310
0.001386
0.000734
0.001223
0.000896
-0.000957
-0.000708
-0.001476
0.000573
-0.000001
-0.001955
-0.002306
-0.001348
0.002071
0.001276
0.001002
0.000970
0.002921
-0.000294
-0.002777
0.003014
-0.054008
-0.054224
-0.054079
-0.054283
-0.054179
-0.053838
-0.053926
-0.000730
-0.057617
-0.057601
-0.057536
-0.055945
-0.009683
0.054793
0.057285
0.001479
-0.057581
-0.057254
-0.036616
0.053743
0.057287
0.057678
0.057697
-0.001802
0.057713
0.057722
0.057708
0.057687
0.057700
0.057694
0.057689
-0.000207
0.057327
0.057580
0.057664
0.057677
0.057611
0.057139
0.057123
-0.000219
0.008896
-0.000206
-0.002529
0.000846
0.001035
0.001500
-0.001085
0.002488
-0.000011
0.001524
0.002598
-0.000433
0.001497
0.000212
-0.000544
0.001393
0.000135
0.000816
-0.000010
0.000472
0.003813
-0.000447
0.000870
-0.000882
-0.000297
-0.001156
0.000947
0.000651
0.001669
0.001372
0.002290
0.000887
-0.026421
-0.027087
-0.027225
-0.026922
-0.026763
-0.026293
-0.026353
0.003257
-0.057668
-0.057673
-0.057677
-0.057682
-0.057687
-0.057694
-0.057698
0.001290
-0.057719
-0.057689
-0.013515
0.055465
0.057705
0.057726
0.057725
0.002420
0.057734
0.057734
0.057734
0.057733
0.057732
0.057725
0.057728
0.000424
0.057733
0.057733
0.057733
0.057733
0.057733
0.057733
0.057733
0.000213
0.057733
0.057733
0.057733
0.057734
0.057734
0.057733
0.057733
0.000049
0.057734
0.057733
0.057734
0.057734
0.057734
0.057733
0.057733
0.000158
0.057734
0.057734
0.057734
0.057734
0.057733
0.057734
0.057733
0.001708
0.057734
0.057734
0.057734
0.057733
0.057734
0.057733
0.057733
-0.000906
0.057733
0.057733
0.057733
0.057733
0.057734
0.057733
0.057733
-0.001425
0.057733
0.057733
0.057734
0.057734
0.057733
0.057733
0.057733
0.000199
0.057731
0.057732
0.057733
0.057733
0.057733
0.057729
0.057722
0.001175
0.057724
0.057722
0.057718
0.057728
0.057726
0.057686
0.057541
0.000707
0.057699
0.057694
0.057709
0.057712
0.057671
0.057476
0.057466
0.002401
-0.000709
0.000412
0.000353
0.001878
-0.000304
0.000343
-0.001433
-0.000762
0.001949
-0.000427
0.000642
-0.000503
0.001770
-0.000306
0.000932
0.001394
-0.002064
-0.001303
-0.000926
-0.003528
0.002522
0.000172
-0.002105
-0.002889
-0.001316
0.000778
0.001903
-0.003578
0.000552
0.001158
0.000616
0.002361
-0.000535
-0.002267
0.000605
0.000171
0.001281
0.001092
-0.000709
-0.000403
-0.046378
-0.045970
-0.046121
-0.045910
-0.046532
-0.045685
-0.046679
0.000421
-0.057702
-0.057709
-0.057715
-0.057719
-0.057717
-0.057484
-0.039651
0.000295
0.057651
0.057702
0.057702
0.057700
0.057721
0.057704
0.057726
0.000290
0.057721
0.057721
0.057721
0.057729
0.057733
0.057732
0.057731
-0.001590
0.057725
0.057726
0.057729
0.057731
0.057732
0.057710
0.057718
-0.000753
0.057731
0.057726
0.057724
0.057721
0.057722
0.057713
0.057698
-0.001774
0.057681
0.057692
0.057653
0.057580
0.057606
0.057614
0.057386
-0.003283
0.056464
0.035651
0.037452
0.037548
0.036589
0.035965
0.036617
-0.001213
0.002303
0.001343
0.000148
-0.000227
-0.001193
0.000088
0.001534
0.000410
-0.001134
0.000378
0.001235
-0.000307
-0.000616
-0.003084
0.000227
0.001027
0.000126
0.000502
-0.000688
-0.000557
-0.000420
-0.000981
0.000935
-0.000328
-0.053165
-0.052888
-0.052944
-0.053078
-0.052823
-0.053202
-0.053277
-0.000425
-0.057723
-0.057725
-0.057726
-0.057726
-0.057725
-0.057719
-0.057107
0.001016
0.057732
0.057733
0.057732
0.057732
0.057733
0.057732
0.057733
0.000237
0.057733
0.057733
0.057733
0.057733
0.057734
0.057734
0.057734
-0.002140
0.057733
0.057734
0.057734
0.057734
0.057733
0.057733
0.057733
-0.001601
0.057734
0.057734
0.057734
0.057734
0.057734
0.057734
0.057733
-0.002943
0.057733
0.057733
0.057734
0.057734
0.057734
0.057734
0.057734
0.001515
0.057734
0.057733
0.057734
0.057733
0.057733
0.057733
0.057733
-0.001328
0.057734
0.057733
0.057734
0.057734
0.057733
0.057734
0.057733
-0.002091
0.057733
0.057733
0.057733
0.057733
0.057733
0.057733
0.057733
0.001096
0.057733
0.057734
0.057734
0.057733
0.057733
0.057733
0.057733
0.001684
0.057733
0.057733
0.057734
0.057734
0.057734
0.057734
0.057733
-0.000173
0.057733
0.057733
0.057733
0.057733
0.057733
0.057733
0.057733
-0.000072
0.057734
0.057734
0.057734
0.057733
0.057733
0.057732
0.057733
0.000306
0.057734
0.057734
0.057734
0.057733
0.057733
0.057733
0.057733
-0.000889
0.057734
0.057734
0.057733
0.057733
0.057734
0.057734
0.057733
0.002877
0.057734
0.057734
0.057734
0.057734
0.057734
0.057733
0.057733
0.000689
0.057734
0.057733
0.057733
0.057733
0.057733
0.057733
0.057733
0.000675
0.057733
0.057734
0.057733
0.057733
0.057734
0.057733
0.057733
0.002372
0.057732
0.057733
0.057734
0.057732
0.057730
0.057731
0.057733
-0.000158
0.057725
0.057721
0.057724
0.057721
0.057689
0.057684
0.057688
-0.001215
0.057584
0.057609
0.057614
0.057635
0.057589
0.057425
0.057355
-0.000675
0.057470
0.056777
0.056157
0.049814
0.002410
0.000827
-0.001862
0.000054
0.000854
-0.001228
0.000528
0.000781
0.002096
-0.001238
-0.002235
-0.002169
-0.003427
-0.000303
-0.001017
-0.000772
0.000127
0.000549
-0.001065
-0.001265
-0.002817
0.000680
-0.001345
0.000231
-0.002581
0.000957
0.002671
-0.000983
0.001806
-0.000072
0.000565
-0.000149
0.003050
0.001444
-0.000300
-0.000657
-0.042241
-0.041901
-0.042324
-0.043283
-0.041940
-0.042703
-0.042599
0.002064
-0.057417
-0.057411
-0.057459
-0.057467
-0.057493
-0.057537
-0.057542
0.001125
-0.035154
0.056381
0.057555
0.057434
0.057578
0.057636
0.057662
-0.002505
0.057731
0.057732
0.057729
0.057720
0.057721
0.057721
0.057723
-0.000074
0.057729
0.057726
0.057727
0.057732
0.057733
0.057729
0.057728
-0.001054
0.057727
0.057729
0.057729
0.057730
0.057730
0.057722
0.057706
0.001708
0.057729
0.057727
0.057722
0.057722
0.057715
0.057724
0.057723
0.000588
0.057725
0.057725
0.057728
0.057726
0.057727
0.057726
0.057717
0.003262
0.057633
0.057617
0.057071
0.057094
0.057053
0.056994
0.056629
-0.001594
0.000482
-0.002012
0.000743
-0.000049
-0.001125
-0.000851
0.000355
0.001482
0.001042
-0.000071
-0.000041
-0.000503
0.001048
0.000996
0.001886
-0.001682
0.001659
0.000642
0.002244
0.001006
-0.000461
-0.000718
0.001262
0.000502
-0.050233
-0.049777
-0.049965
-0.049820
-0.049993
-0.050195
-0.049813
-0.000114
-0.057729
-0.057729
-0.057729
-0.057729
-0.057728
-0.057724
-0.057439
-0.001632
0.057725
0.057731
0.057733
0.057733
0.057732
0.057732
0.057733
0.000294
0.057734
0.057734
0.057734
0.057734
0.057733
0.057733
0.057733
0.000943
0.057734
0.057734
0.057734
0.057734
0.057734
0.057733
0.057733
-0.000110
0.057734
0.057733
0.057734
0.057734
0.057734
0.057734
0.057733
0.000090
0.057734
0.057734
0.057734
0.057734
0.057734
0.057734
0.057733
-0.000030
0.057734
0.057734
0.057734
0.057733
0.057733
0.057733
0.057733
-0.002662
0.057733
0.057734
0.057734
0.057733
0.057734
0.057734
0.057733
-0.003162
0.057734
0.057733
0.057733
0.057734
0.057734
0.057733
0.057733
-0.000180
0.057733
0.057733
0.057734
0.057734
0.057733
0.057733
0.057733
0.000318
0.057733
0.057732
0.057733
0.057733
0.057733
0.057733
0.057732
0.001070
0.057734
0.057734
0.057734
0.057734
0.057733
0.057733
0.057733
0.000671
0.057734
0.057734
0.057734
0.057734
0.057734
0.057733
0.057733
-0.001959
0.057734
0.057733
0.057734
0.057734
0.057734
0.057734
0.057733
-0.000686
0.057733
0.057733
0.057734
0.057734
0.057734
0.057734
0.057734
-0.001584
0.057733
0.057734
0.057734
0.057733
0.057733
0.057733
0.057733
-0.001430
0.057734
0.057734
0.057734
0.057733
0.057733
0.057733
0.057733
-0.001120
0.057734
0.057733
0.057733
0.057733
0.057733
0.057733
0.057734
0.000343
0.057733
0.057734
0.057734
0.057733
0.057732
0.057731
0.057731
0.000414
0.057733
0.057733
0.057733
0.057733
0.057732
0.057734
0.057729
-0.000237
0.057734
0.057733
0.057731
0.057731
0.057733
0.057734
0.057732
0.000727
0.057733
0.057733
0.057733
0.057733
0.057734
0.057732
0.057731
0.000737
0.057733
0.057733
0.057734
0.057734
0.057734
0.057734
0.057734
-0.000058
0.057734
0.057734
0.057734
0.057734
0.057734
0.057734
0.057734
-0.000781
0.057734
0.057734
0.057734
0.057734
0.057734
0.057734
0.057733
0.000092
0.057734
0.057733
0.057733
0.057733
0.057733
0.057733
0.057733
-0.001755
0.057734
0.057733
0.057733
0.057733
0.057733
0.057733
0.057734
0.002154
0.057733
0.057733
0.057733
0.057732
0.057732
0.057732
0.057727
0.001430
0.057708
0.057697
0.057696
0.057689
0.057672
0.057483
0.056082
0.001284
0.039092
0.009010
0.000151
-0.000791
0.000424
-0.001847
-0.001866
0.001296
0.000237
-0.002665
0.000782
-0.000174
0.002045
0.000630
0.001825
-0.000911
-0.001426
0.000933
-0.001603
0.000178
0.001044
0.001159
-0.003362
-0.000853
-0.001384
0.001142
-0.000967
-0.002719
-0.001642
0.000570
0.000866
0.001526
-0.002642
0.000330
-0.001095
-0.000978
-0.000659
0.000380
0.003092
0.002148
-0.000968
0.001808
0.001141
-0.001316
-0.001232
-0.000032
0.000730
0.001121
-0.021771
-0.017818
-0.020078
-0.021189
-0.019769
-0.020360
-0.019816
0.000651
-0.000431
-0.002288
0.000963
0.000351
0.000575
0.000041
-0.000530
-0.000587
-0.023623
-0.020111
0.055787
0.056859
0.053177
0.047689
0.045044
0.002539
0.057668
0.057593
0.057099
0.046726
0.047723
0.047806
0.047488
-0.002429
-0.001155
0.000977
0.000425
-0.000597
0.001830
-0.000897
-0.001600
-0.000211
0.000959
-0.001631
0.000720
0.000266
0.000758
-0.000160
-0.003383
-0.002268
-0.000619
0.001585
-0.002037
0.000925
0.000024
-0.000477
-0.000024
0.001737
-0.000502
-0.000957
0.000082
0.000549
-0.002476
0.000883
-0.000130
-0.004581
0.001336
-0.000768
-0.000329
-0.000387
-0.000210
-0.002621
-0.001374
0.001619
-0.055785
-0.055976
-0.056038
-0.056204
-0.056345
-0.056536
-0.056702
0.000101
-0.057479
-0.057450
-0.057379
-0.057124
-0.054739
0.006196
0.056908
-0.000929
0.057293
0.057512
0.057587
0.057356
0.057481
0.057565
0.057627
-0.002834
0.057727
0.057728
0.057730
0.057728
0.057718
0.057720
0.057720
0.000308
0.057686
0.057681
0.057649
0.057632
0.057324
0.056258
0.056390
-0.002376
-0.002984
0.002104
0.001082
-0.000967
0.000813
0.001537
-0.000886
0.001579
-0.001106
-0.001466
-0.002217
0.001476
0.000081
-0.002246
0.000194
-0.000863
0.000153
0.000455
-0.001226
0.000611
0.001215
-0.000948
0.000626
-0.001206
-0.001023
0.001940
-0.000434
0.000328
-0.002042
-0.000648
-0.000603
0.000713
-0.020099
-0.022128
-0.017301
-0.019687
-0.020173
-0.019910
-0.020452
-0.000390
-0.057601
-0.057613
-0.057628
-0.057640
-0.057654
-0.057670
-0.057681
0.000420
-0.057543
0.057594
0.057713
0.057728
0.057730
0.057731
0.057732
0.001297
0.057733
0.057732
0.057731
0.057732
0.057734
0.057734
0.057733
0.000732
0.057733
0.057733
0.057733
0.057733
0.057734
0.057733
0.057732
0.000138
0.057734
0.057734
0.057734
0.057734
0.057734
0.057734
0.057733
0.000486
0.057734
0.057734
0.057734
0.057734
0.057734
0.057733
0.057733
-0.000163
0.057734
0.057734
0.057734
0.057734
0.057733
0.057733
0.057733
-0.000102
0.057733
0.057734
0.057734
0.057733
0.057733
0.057734
0.057733
-0.001236
0.057733
0.057734
0.057734
0.057734
0.057733
0.057733
0.057733
0.002041
0.057734
0.057733
0.057733
0.057733
0.057733
0.057733
0.057733
0.002059
0.057733
0.057732
0.057732
0.057729
0.057730
0.057731
0.057731
-0.002905
0.057713
0.057710
0.057714
0.057726
0.057713
0.057668
0.057652
0.001566
0.057697
0.057707
0.057722
0.057709
0.057675
0.057665
0.057507
-0.000752
0.057159
0.055602
0.053516
0.000562
-0.001443
0.001551
-0.000044
-0.000857
0.056495
0.045461
-0.000056
-0.001041
-0.002107
-0.000955
-0.001860
0.000693
-0.001669
0.000912
0.000447
-0.001935
0.000548
0.002169
0.000256
0.001496
0.000591
-0.000985
-0.000506
0.000912
0.001473
-0.002827
0.000561
0.000377
0.000679
-0.001125
-0.000992
-0.000465
0.000430
-0.000150
0.001329
-0.001521
-0.043674
-0.042164
-0.042472
-0.042609
-0.043062
-0.042149
-0.042704
-0.000142
-0.057667
-0.057673
-0.057678
-0.057681
-0.057687
-0.057693
-0.057697
-0.000031
-0.048462
0.057310
0.057706
0.057723
0.057724
0.057728
0.057718
-0.000015
0.057729
0.057729
0.057730
0.057727
0.057729
0.057732
0.057733
0.000740
0.057733
0.057732
0.057732
0.057733
0.057732
0.057730
0.057730
0.000803
0.057734
0.057734
0.057733
0.057732
0.057733
0.057734
0.057733
-0.000451
0.057734
0.057734
0.057734
0.057734
0.057733
0.057734
0.057734
-0.000636
0.057734
0.057734
0.057734
0.057734
0.057734
0.057733
0.057733
-0.001016
0.057734
0.057733
0.057734
0.057733
0.057734
0.057733
0.057733
-0.001868
0.057734
0.057734
0.057734
0.057733
0.057733
0.057733
0.057733
0.001013
0.057733
0.057733
0.057734
0.057733
0.057734
0.057733
0.057733
-0.000598
0.057733
0.057733
0.057732
0.057731
0.057728
0.057728
0.057701
-0.000917
0.057714
0.057664
0.057617
0.057371
0.057282
0.053948
0.053660
0.000671
0.057194
0.051875
0.050648
0.050545
0.047445
-0.000086
-0.001171
-0.001621
0.047160
0.001161
-0.002870
0.001026
0.000284
-0.002289
0.001654
-0.000395
-0.000067
-0.000012
-0.000425
0.000847
-0.000453
-0.000394
0.003255
-0.001078
-0.000237
-0.001746
0.001168
0.000126
0.000359
-0.000852
0.000082
0.002224
-0.002065
-0.000066
0.000657
-0.001720
-0.000228
-0.001184
-0.002355
0.002491
0.000942
-0.001125
0.001284
0.000107
0.002013
0.000770
-0.000768
-0.000341
-0.049570
-0.049513
-0.049462
-0.048762
-0.049397
-0.049290
-0.048343
-0.001426
-0.057133
-0.056124
-0.050672
0.000198
0.044571
0.052037
0.053716
-0.002099
0.007239
-0.001615
-0.017215
-0.053177
-0.053398
-0.053265
-0.051962
-0.001586
0.033909
-0.003278
-0.000721
-0.000014
-0.002861
-0.002555
-0.001167
0.002056
0.004025
0.000878
0.000952
-0.000952
0.002499
-0.001976
-0.000960
0.000055
-0.000031
-0.000794
-0.000314
0.000466
0.000285
0.000479
0.001699
-0.001272
-0.000740
0.000118
-0.000417
0.000954
-0.001707
0.000882
-0.000300
0.002736
-0.000539
0.001775
-0.000685
0.002165
0.000396
-0.001985
-0.000597
-0.001120
-0.048508
-0.049753
-0.048805
-0.049273
-0.048346
-0.049393
-0.048938
0.000423
-0.054535
-0.054360
-0.054657
-0.054525
-0.054627
-0.053943
-0.048797
0.002112
-0.047986
-0.049198
-0.055244
-0.055517
-0.055395
0.041443
0.046796
-0.002961
0.053668
0.053326
0.051458
0.050389
0.051005
0.051172
0.051091
0.000623
0.056814
0.051973
0.052006
0.051170
0.050612
0.038779
-0.000094
-0.000497
-0.000488
-0.001644
-0.000287
0.000010
-0.001743
0.001054
0.000742
-0.000236
-0.003379
0.001189
0.000727
0.001741
0.001240
0.000515
0.001865
-0.000526
-0.002569
0.002789
-0.000931
-0.000347
0.000344
0.000300
-0.000692
0.001199
-0.000630
0.000840
0.000455
-0.000982
-0.001136
-0.000925
0.000177
-0.000359
-0.052955
-0.052537
-0.052755
-0.052817
-0.052801
-0.053140
-0.052796
0.001165
-0.057538
-0.057553
-0.057559
-0.057589
-0.057598
-0.057572
-0.057349
-0.000108
0.057463
0.057580
0.057631
0.057696
0.057724
0.057730
0.057730
-0.002052
0.057721
0.057719
0.057722
0.057721
0.057677
0.057703
0.057712
0.000363
0.057726
0.057728
0.057733
0.057725
0.057715
0.057680
0.057692
0.000350
0.057719
0.057721
0.057719
0.057700
0.057705
0.057708
0.057575
-0.001324
0.057704
0.057715
0.057689
0.057693
0.057697
0.057701
0.057675
0.003415
-0.000245
-0.000175
-0.000104
0.000281
0.000547
0.001836
-0.000097
-0.001139
0.001432
-0.001179
0.000275
0.002617
0.000861
0.000216
0.000940
-0.002079
-0.000198
-0.000383
0.001218
-0.002049
-0.000492
-0.001017
0.001272
-0.000114
0.001445
-0.001721
-0.000332
0.001122
0.000061
-0.001125
-0.000174
0.001220
-0.056260
-0.056355
-0.056356
-0.056363
-0.056459
-0.056544
-0.056590
-0.000874
-0.057724
-0.057725
-0.057726
-0.057727
-0.057725
-0.057687
0.053830
0.000830
0.057731
0.057732
0.057732
0.057732
0.057731
0.057732
0.057733
-0.000955
0.057733
0.057734
0.057734
0.057734
0.057734
0.057733
0.057733
0.001521
0.057733
0.057733
0.057733
0.057734
0.057733
0.057733
0.057734
-0.000627
0.057734
0.057734
0.057733
0.057733
0.057733
0.057734
0.057733
0.000526
0.057734
0.057734
0.057734
0.057733
0.057734
0.057734
0.057733
0.001325
0.057734
0.057734
0.057734
0.057734
0.057734
0.057733
0.057733
0.002275
0.057734
0.057734
0.057734
0.057734
0.057733
0.057733
0.057733
0.000101
0.057733
0.057733
0.057733
0.057733
0.057733
0.057733
0.057733
0.000571
0.057733
0.057733
0.057733
0.057733
0.057733
0.057733
0.057734
-0.001534
0.057733
0.057733
0.057734
0.057734
0.057733
0.057732
0.057731
-0.002068
0.057734
0.057733
0.057733
0.057733
0.057732
0.057733
0.057733
-0.002408
0.057733
0.057733
0.057734
0.057734
0.057733
0.057733
0.057733
0.001530
0.057734
0.057734
0.057734
0.057733
0.057733
0.057734
0.057734
-0.001150
0.057734
0.057734
0.057734
0.057734
0.057733
0.057733
0.057733
0.003059
0.057734
0.057733
0.057733
0.057733
0.057733
0.057733
0.057733
0.000272
0.057734
0.057733
0.057733
0.057733
0.057733
0.057733
0.057733
0.000955
0.057733
0.057733
0.057734
0.057734
0.057733
0.057734
0.057733
0.001214
0.057732
0.057733
0.057733
0.057732
0.057732
0.057733
0.057731
0.002003
0.057727
0.057727
0.057727
0.057718
0.057709
0.057687
0.057685
0.002056
0.057684
0.057656
0.057308
0.057177
0.055519
0.055320
0.055086
-0.002527
0.054412
0.046521
0.045874
0.045566
0.046025
0.046333
0.046483
-0.001289
-0.001762
-0.001418
-0.000819
-0.001613
0.000522
0.001726
-0.000667
-0.001595
-0.002353
-0.000807
0.002468
-0.000307
-0.001035
0.001649
-0.001182
-0.000320
-0.000086
-0.001021
0.000482
-0.000196
-0.001356
-0.000083
0.000771
0.000174
0.000073
-0.000814
0.000379
0.000796
0.000039
-0.000916
-0.001447
0.001520
-0.044410
-0.043372
-0.044890
-0.043438
-0.045274
-0.045269
-0.044633
-0.000781
-0.057628
-0.057640
-0.057652
-0.057664
-0.057618
-0.057529
-0.057333
-0.002117
0.019205
0.038679
0.040392
0.018383
0.055681
0.054634
0.055936
-0.000708
0.057655
0.057675
0.057646
0.057565
0.057546
0.057631
0.057513
0.003091
0.052482
0.053787
0.054036
0.053843
0.053933
0.054107
0.053861
-0.002135
0.000546
-0.001518
0.000551
-0.001068
-0.001656
-0.002297
-0.000623
0.001430
-0.000787
0.000801
0.001146
-0.002595
-0.002334
0.000314
0.000036
0.000941
0.002314
-0.001311
-0.000036
-0.001566
0.000438
0.000749
-0.001268
-0.001454
0.000969
0.000639
-0.002378
-0.001419
-0.001723
0.002009
0.001016
0.000629
-0.041993
-0.042451
-0.042595
-0.042410
-0.042714
-0.043586
-0.043388
-0.000360
-0.057692
-0.057694
-0.057697
-0.057702
-0.057703
-0.057614
0.007711
0.000997
-0.048473
0.055216
0.057563
0.057691
0.057714
0.057724
0.057725
0.000406
0.057725
0.057725
0.057724
0.057713
0.057701
0.057711
0.057711
0.003034
0.057731
0.057730
0.057731
0.057732
0.057732
0.057731
0.057729
-0.000238
0.057721
0.057726
0.057717
0.057717
0.057700
0.057700
0.057719
0.001156
0.057720
0.057727
0.057731
0.057724
0.057702
0.057701
0.057633
0.001144
0.057716
0.057721
0.057681
0.057691
0.057678
0.057279
0.057355
-0.001728
0.056844
0.056817
0.056882
0.056794
0.047193
0.047642
0.047666
0.000066
-0.000707
0.000249
0.001469
-0.000835
0.000699
0.001672
0.000474
-0.003156
-0.000712
-0.004017
-0.002294
-0.002454
0.001994
-0.002687
-0.001537
0.001681
0.001319
0.000386
0.000623
0.003748
0.001663
-0.001594
0.001701
-0.001184
-0.047541
-0.048133
-0.047824
-0.047946
-0.047906
-0.047285
-0.047772
0.000863
-0.057725
-0.057727
-0.057728
-0.057730
-0.057731
-0.057730
-0.057704
0.000197
0.057732
0.057734
0.057734
0.057733
0.057732
0.057733
0.057733
0.000024
0.057734
0.057733
0.057733
0.057733
0.057734
0.057733
0.057733
-0.002588
0.057734
0.057734
0.057734
0.057734
0.057733
0.057734
0.057733
0.000995
0.057734
0.057734
0.057734
0.057734
0.057734
0.057734
0.057733
-0.001087
0.057734
0.057734
0.057734
0.057734
0.057734
0.057733
0.057733
-0.002105
0.057734
0.057733
0.057733
0.057733
0.057733
0.057733
0.057733
-0.000723
0.057733
0.057734
0.057734
0.057734
0.057734
0.057733
0.057733
0.001906
0.057734
0.057734
0.057734
0.057734
0.057733
0.057733
0.057733
-0.000562
0.057734
0.057734
0.057733
0.057733
0.057733
0.057733
0.057733
0.000080
0.057734
0.057734
0.057733
0.057733
0.057734
0.057734
0.057733
-0.001789
0.057733
0.057733
0.057734
0.057734
0.057734
0.057733
0.057733
0.001246
0.057734
0.057734
0.057734
0.057734
0.057734
0.057734
0.057734
-0.000559
0.057734
0.057734
0.057733
0.057734
0.057734
0.057734
0.057733
-0.000415
0.057734
0.057734
0.057734
0.057734
0.057734
0.057733
0.057733
-0.002215
0.057733
0.057733
0.057733
0.057733
0.057733
0.057733
0.057733
0.001220
0.057733
0.057734
0.057734
0.057733
0.057733
0.057734
0.057733
-0.001884
0.057733
0.057733
0.057734
0.057734
0.057734
0.057733
0.057733
0.000847
0.057733
0.057733
0.057734
0.057734
0.057734
0.057734
0.057732
0.000709
0.057734
0.057732
0.057732
0.057733
0.057733
0.057733
0.057731
-0.000112
0.057733
0.057734
0.057734
0.057733
0.057733
0.057733
0.057734
0.002536
0.057734
0.057734
0.057733
0.057733
0.057733
0.057733
0.057734
-0.000574
0.057734
0.057734
0.057734
0.057734
0.057734
0.057734
0.057734
0.001620
0.057734
0.057734
0.057733
0.057733
0.057734
0.057734
0.057733
0.000748
0.057733
0.057733
0.057733
0.057733
0.057733
0.057733
0.057733
0.001204
0.057733
0.057733
0.057733
0.057733
0.057733
0.057733
0.057733
-0.000680
0.057733
0.057733
0.057733
0.057733
0.057733
0.057733
0.057733
-0.000598
0.057731
0.057732
0.057732
0.057729
0.057719
0.057720
0.057722
0.000020
0.057617
0.057599
0.057338
0.057307
0.057192
0.052680
0.005119
-0.001474
0.053776
0.052017
0.050675
0.048346
0.041673
-0.001019
0.001081
-0.003021
0.001682
0.000675
0.001268
0.000138
-0.000274
-0.002151
0.000690
0.000406
-0.000909
0.000669
-0.000657
-0.000130
0.001131
0.000140
-0.000925
-0.000105
-0.001723
0.001071
0.000518
0.002433
0.000267
0.001196
0.001202
-0.002121
-0.000421
0.002693
0.001043
-0.001043
-0.001525
-0.000956
0.002049
-0.000211
0.002261
-0.002175
-0.000376
-0.000118
-0.002106
-0.000743
0.001672
-0.002393
-0.057135
-0.057218
-0.057277
-0.057369
-0.057427
-0.057467
-0.057412
-0.000604
-0.057457
-0.057526
-0.057623
-0.042822
0.014994
0.052462
0.054564
0.002279
0.057528
0.057544
0.057541
0.057359
0.057326
0.057427
0.055897
-0.001534
0.057697
0.057668
0.057672
0.057663
0.057683
0.057672
0.057576
-0.000004
0.056633
0.056163
0.051804
0.051881
0.051769
0.051990
0.051736
-0.000134
-0.002893
0.002130
0.001809
0.001359
-0.000138
0.001184
-0.001024
-0.000980
-0.000339
0.000258
0.002233
-0.000489
0.000947
-0.002714
0.002815
-0.001408
0.000392
-0.001238
0.000550
-0.002070
-0.002131
0.003233
-0.000962
-0.000767
0.000148
-0.001291
-0.001826
-0.000342
-0.001514
0.000034
0.003311
0.000372
-0.055050
-0.055071
-0.054975
-0.055154
-0.055298
-0.055409
-0.055590
0.000622
-0.057653
-0.057662
-0.057673
-0.057685
-0.057700
-0.057711
-0.057425
0.000477
0.057543
0.057703
0.057727
0.057732
0.057732
0.057730
0.057727
0.001011
0.057729
0.057731
0.057731
0.057733
0.057729
0.057731
0.057733
-0.001187
0.057733
0.057733
0.057732
0.057733
0.057732
0.057728
0.057730
-0.000712
0.057734
0.057734
0.057733
0.057734
0.057733
0.057733
0.057733
0.000238
0.057734
0.057734
0.057734
0.057733
0.057734
0.057734
0.057734
-0.003014
0.057734
0.057734
0.057734
0.057734
0.057733
0.057733
0.057733
-0.001700
0.057734
0.057734
0.057734
0.057734
0.057733
0.057733
0.057733
-0.001646
0.057733
0.057733
0.057733
0.057733
0.057733
0.057733
0.057733
0.004036
0.057733
0.057733
0.057733
0.057733
0.057733
0.057733
0.057733
-0.000170
0.057732
0.057732
0.057729
0.057726
0.057722
0.057669
0.057432
-0.002018
0.057714
0.057644
0.057347
0.052353
0.051581
0.052543
0.051951
0.000040
0.051102
0.050518
0.045526
0.001379
0.000732
0.000532
0.001832
0.001962
0.001305
0.001343
-0.003351
0.000060
-0.000437
0.001863
0.000049
0.000071
-0.000342
0.000747
-0.000276
-0.002194
0.000201
-0.000207
0.000082
0.000010
0.000058
-0.001492
-0.000159
0.001610
-0.000521
-0.001194
-0.003304
0.000437
-0.000661
-0.001926
0.000415
-0.000157
0.001005
-0.001006
0.000846
0.000031
0.000080
-0.002669
-0.001783
0.001598
0.001076
0.002680
0.002092
0.001180
-0.049765
-0.049382
-0.049837
-0.049787
-0.048978
-0.048839
-0.049250
-0.001348
-0.057559
-0.057574
-0.057551
-0.056534
-0.056528
-0.056169
-0.020667
0.001325
-0.045994
-0.049406
-0.045715
-0.006026
0.002733
-0.001855
0.000931
0.000963
-0.000312
-0.001315
0.000562
0.000225
0.001778
-0.000061
-0.001739
0.001116
-0.000871
-0.001360
0.002432
-0.001009
0.001810
0.000908
0.001296
0.001740
-0.000502
0.000649
-0.001205
-0.000744
-0.001836
0.000580
0.001849
0.000520
0.000724
-0.000387
-0.000504
0.001750
0.002834
0.000932
0.000370
0.000840
0.001113
-0.001617
-0.000160
0.001138
0.001204
-0.001350
0.000052
0.000533
-0.039391
-0.039270
-0.040162
-0.039063
-0.039894
-0.040933
-0.039991
-0.001025
-0.057626
-0.057645
-0.057665
-0.057689
-0.057579
0.005655
0.055481
0.002153
0.057674
0.057680
0.057646
0.057681
0.057626
0.057663
0.057697
0.000935
0.057711
0.057664
0.057641
0.057614
0.057645
0.057663
0.057652
0.002116
0.057719
0.057679
0.057700
0.057700
0.057692
0.057637
0.057507
0.001205
0.055727
0.053781
0.057203
0.055164
0.052818
0.049181
0.001059
0.001408
0.001887
-0.001077
-0.001364
0.000354
0.000138
0.000931
-0.000400
0.001553
-0.000726
-0.002438
-0.000241
0.000016
-0.001510
0.000501
0.002390
0.000018
0.001634
0.000721
-0.000102
0.002169
0.000423
0.000093
-0.002304
-0.000672
0.000394
-0.001301
0.001130
0.001801
-0.000645
0.000514
-0.001032
0.001382
-0.057301
-0.057351
-0.057334
-0.057337
-0.057359
-0.057342
-0.057350
0.001107
-0.057722
-0.057721
-0.057715
-0.057685
-0.054764
0.057607
0.057704
0.003266
0.057732
0.057730
0.057731
0.057730
0.057731
0.057731
0.057732
-0.000352
0.057733
0.057734
0.057733
0.057732
0.057732
0.057734
0.057734
-0.000976
0.057734
0.057733
0.057733
0.057733
0.057733
0.057732
0.057733
-0.001769
0.057734
0.057734
0.057734
0.057734
0.057734
0.057734
0.057734
0.002266
0.057734
0.057734
0.057734
0.057734
0.057734
0.057734
0.057733
0.000857
0.057734
0.057733
0.057733
0.057734
0.057734
0.057734
0.057733
-0.001848
0.057733
0.057734
0.057734
0.057733
0.057734
0.057733
0.057733
0.003242
0.057734
0.057734
0.057733
0.057733
0.057733
0.057733
0.057733
-0.002045
0.057734
0.057733
0.057733
0.057731
0.057732
0.057731
0.057727
-0.003091
0.057728
0.057726
0.057720
0.057716
0.057722
0.057725
0.057726
-0.001463
0.057692
0.057650
0.057657
0.057667
0.057658
0.057385
0.057351
-0.001229
0.056146
0.053413
0.039950
0.039034
0.033428
-0.001106
0.002109
0.000634
-0.001913
-0.000159
-0.001699
0.001081
0.000098
0.001280
0.002058
-0.000653
0.000050
0.002018
0.000692
0.002350
0.001384
-0.001747
-0.000960
0.002040
-0.002577
0.001703
0.000310
-0.000236
0.000863
-0.000195
0.000318
0.000121
0.000909
-0.000740
0.003390
-0.000216
-0.000570
0.001122
0.000999
-0.001246
-0.001916
-0.000544
-0.000618
-0.000296
0.000583
0.000764
0.000972
-0.002122
-0.057643
-0.057645
-0.057645
-0.057646
-0.057639
-0.057597
-0.057445
0.000098
0.057544
0.057662
0.057691
0.057631
0.057696
0.057698
0.057711
0.002726
0.057717
0.057720
0.057721
0.057726
0.057729
0.057731
0.057730
0.000330
0.057732
0.057720
0.057724
0.057725
0.057730
0.057731
0.057724
-0.000220
0.057730
0.057730
0.057730
0.057726
0.057729
0.057722
0.057707
-0.000712
0.057732
0.057732
0.057730
0.057726
0.057716
0.057704
0.057715
0.000806
0.057731
0.057733
0.057733
0.057732
0.057732
0.057732
0.057727
0.000773
0.057731
0.057725
0.057728
0.057728
0.057726
0.057725
0.057727
-0.002194
0.057733
0.057734
0.057734
0.057733
0.057733
0.057733
0.057733
0.001493
0.057734
0.057734
0.057733
0.057732
0.057732
0.057732
0.057733
0.000879
0.057734
0.057734
0.057734
0.057734
0.057734
0.057734
0.057733
0.000814
0.057734
0.057734
0.057734
0.057734
0.057734
0.057733
0.057733
0.000820
0.057733
0.057733
0.057734
0.057734
0.057733
0.057733
0.057733
0.000386
0.057733
0.057733
0.057733
0.057733
0.057733
0.057732
0.057731
0.000673
0.057720
0.057699
0.057528
0.056745
-0.000897
-0.000929
-0.000854
0.000636
0.000565
0.001373
0.001326
-0.000604
-0.000265
-0.002181
-0.000197
0.003660
0.002961
-0.001913
0.001160
0.000406
-0.000563
0.000342
-0.002633
0.000010
0.003220
-0.000701
0.000589
-0.001983
0.001710
-0.000225
0.000555
0.000073
0.003012
-0.000416
-0.001912
-0.000564
0.000570
0.000101
0.000750
-0.001038
0.000705
-0.001506
-0.002154
0.001356
-0.000908
-0.000713
0.001401
-0.002177
-0.000789
0.000832
-0.004331
0.000359
-0.000566
0.001570
0.002429
-0.001443
0.003667
-0.000064
-0.002090
-0.000420
-0.001132
0.001983
0.001171
-0.000241
0.000981
0.002153
-0.000411
-0.000055
0.001191
0.000026
-0.001149
0.000158
0.000910
0.000846
-0.002263
0.001509
0.002644
0.000154
0.000549
-0.001779
0.001028
-0.001987
-0.000234
-0.000415
0.000698
-0.001110
-0.000624
0.002036
-0.000685
0.000972
-0.001835
0.000800
0.000189
-0.001644
0.003027
-0.000967
0.000137
-0.000699
0.001316
0.000253
0.000315
0.001464
0.002420
-0.001471
0.000723
0.000951
0.001600
-0.000138
0.000313
-0.001902
-0.000334
-0.000183
0.000499
-0.001297
-0.001194
-0.000666
-0.001288
0.000914
0.000466
-0.000220
-0.002508
0.000469
0.003011
0.001201
0.000353
0.000296
0.002632
0.001054
0.000849
0.000703
-0.002275
-0.001824
0.002724
0.001521
0.002699
-0.000385
0.001167
0.001252
0.001035
0.000559
-0.000582
0.000661
-0.002402
0.000290
-0.000007
-0.000138
-0.001331
-0.000292
-0.000002
0.000799
0.000802
0.001205
-0.000987
-0.002834
-0.000534
0.000861
-0.000048
0.002096
-0.000494
0.000364
0.000239
-0.000660
0.001846
-0.000677
0.001554
-0.000840
0.000324
0.001007
-0.001301
0.000286
0.000536
0.001824
0.000816
-0.000817
-0.002340
-0.001982
-0.000435
0.000502
-0.002060
0.000424
-0.000340
-0.001747
0.000687
0.000873
0.000502
-0.001111
0.003860
-0.002451
-0.000321
0.000178
0.000563
-0.000262
-0.001188
-0.000922
-0.000979
-0.001425
0.000445
-0.000323
0.000842
-0.001111
0.000327
0.000236
0.001789
0.001180
-0.000395
0.001071
0.000241
0.000932
0.001254
-0.000750
-0.000980
0.000126
0.001693
-0.000360
-0.001946
-0.001111
-0.000968
0.001003
-0.001706
-0.000424
-0.000137
0.001422
-0.002850
-0.002600
-0.000516
-0.000557
0.000644
0.000975
-0.000197
0.003203
0.000039
0.002105
-0.002434
0.001425
0.000527
0.002939
-0.001513
-0.000065
0.002410
0.000282
-0.002998
0.004117
-0.002756
-0.000860
0.000536
0.003058
0.000809
-0.001075
0.002147
0.001200
-0.002541
-0.001149
0.001117
-0.000453
-0.000200
0.000133
0.000431
-0.002000
-0.002181
-0.000587
-0.001525
0.000174
-0.003526
-0.001531
-0.004689
-0.000744
-0.000932
0.003126
-0.000125
-0.001564
0.001461
-0.001953
0.001113
0.000917
-0.000938
0.000815
0.001448
0.000915
0.000279
-0.002196
0.001343
-0.001253
0.001034
0.000514
0.000995
0.002239
0.001440
0.000333
-0.001810
0.000062
-0.000430
0.001330
0.000743
-0.000565
-0.001060
0.000615
-0.000029
-0.000838
0.001326
0.000868
0.001640
-0.000319
-0.000878
0.000588
-0.001598
-0.000771
0.000557
-0.002445
-0.000634
-0.001126
0.000621
0.000617
0.052158
0.052259
0.052052
0.051924
0.051457
0.051745
0.051855
-0.000583
-0.000021
-0.000792
0.000212
0.001986
0.000717
-0.001407
-0.000381
0.002449
-0.000852
0.001214
0.000947
-0.001077
-0.001512
0.001850
-0.001076
-0.001616
-0.000079
-0.001437
-0.002722
-0.000511
0.000083
-0.001903
-0.002807
-0.001763
-0.001736
-0.000224
-0.001230
0.000153
0.000357
-0.001210
0.000428
0.002494
-0.001232
-0.001133
-0.000278
-0.000394
-0.000781
-0.000818
-0.001590
-0.000362
0.000139
-0.000966
0.002936
0.000991
0.001812
0.002240
0.001090
-0.000264
-0.026154
-0.025420
-0.025941
-0.026089
-0.026905
-0.026908
-0.025248
-0.002688
-0.057014
-0.057001
-0.057082
-0.057095
-0.056991
-0.057051
-0.057048
0.000497
0.053464
0.054852
0.056281
0.057283
0.057599
0.055426
0.056340
0.000835
0.057134
0.054564
-0.001378
-0.001405
0.001479
0.001220
0.000540
-0.003381
0.047235
0.000686
-0.000680
-0.000013
-0.001992
0.001386
-0.001707
0.000406
0.000408
0.003623
-0.000849
-0.001596
-0.000137
-0.002093
0.000888
-0.000030
0.000806
-0.001147
-0.000305
-0.002018
0.000627
-0.000394
0.000680
0.000201
-0.001892
-0.001057
0.000061
0.000257
0.001627
-0.000925
0.000270
0.000381
-0.000447
-0.000065
0.001189
0.000055
0.000785
0.000487
-0.001295
-0.000289
-0.047035
-0.047260
-0.047191
-0.047206
-0.047154
-0.047273
-0.046992
0.004038
-0.057728
-0.057729
-0.057723
-0.057718
-0.057714
-0.057392
-0.031928
0.000919
0.057573
0.057474
0.057162
0.056745
0.057220
0.057255
0.057398
0.000605
0.057721
0.057728
0.057730
0.057728
0.057730
0.057714
0.057697
-0.000221
0.057713
0.057723
0.057725
0.057729
0.057724
0.057712
0.057709
-0.000714
0.057690
0.057623
0.057636
0.057593
0.057614
0.057578
0.056546
0.000676
0.000307
0.000281
0.000731
-0.002032
-0.001513
-0.000974
0.001262
-0.001634
0.001644
-0.000061
-0.001580
-0.000181
0.000551
-0.002657
-0.002121
0.000649
-0.001452
-0.001497
-0.000388
-0.001772
-0.000555
0.002009
0.001169
0.000446
-0.003366
-0.002943
0.000885
-0.000974
0.000781
-0.001044
-0.001156
0.002173
-0.057041
-0.057056
-0.057037
-0.057091
-0.057118
-0.057171
-0.057189
0.000916
-0.057720
-0.057722
-0.057725
-0.057706
-0.057709
-0.057708
-0.057634
-0.001936
0.057716
0.057731
0.057733
0.057734
0.057733
0.057732
0.057727
0.002249
0.057734
0.057733
0.057733
0.057733
0.057734
0.057734
0.057733
0.000719
0.057733
0.057734
0.057733
0.057733
0.057733
0.057733
0.057733
-0.000991
0.057734
0.057734
0.057734
0.057734
0.057734
0.057733
0.057733
-0.000335
0.057734
0.057734
0.057734
0.057733
0.057733
0.057734
0.057733
0.000157
0.057734
0.057734
0.057734
0.057734
0.057733
0.057733
0.057733
-0.001130
0.057734
0.057734
0.057734
0.057733
0.057733
0.057733
0.057733
0.001836
0.057733
0.057733
0.057733
0.057733
0.057733
0.057733
0.057733
-0.000581
0.057734
0.057733
0.057733
0.057733
0.057732
0.057733
0.057733
-0.002239
0.057731
0.057732
0.057734
0.057732
0.057728
0.057728
0.057725
0.000701
0.057731
0.057732
0.057730
0.057733
0.057733
0.057728
0.057718
0.000143
0.057731
0.057730
0.057731
0.057731
0.057731
0.057730
0.057723
0.000265
0.057732
0.057730
0.057729
0.057727
0.057729
0.057727
0.057718
0.001775
0.057719
0.057724
0.057728
0.057730
0.057726
0.057728
0.057722
0.001660
0.057623
0.057622
0.057638
0.057628
0.057636
0.057609
0.057635
0.001007
0.036156
0.036200
0.027283
0.000300
0.001234
0.001528
-0.000090
0.000467
-0.000198
-0.000380
0.000718
-0.003426
-0.000751
-0.002246
0.002340
-0.002105
-0.001513
-0.001986
-0.000468
0.001096
-0.000849
-0.000014
-0.001223
0.000718
-0.000515
0.001522
0.001921
0.001395
-0.000111
-0.001378
-0.001622
-0.000912
-0.056944
-0.056934
-0.056978
-0.056998
-0.057025
-0.057054
-0.057066
0.002181
-0.057720
-0.057722
-0.057724
-0.057725
-0.057722
-0.056570
0.057675
-0.000195
0.057733
0.057734
0.057734
0.057733
0.057734
0.057734
0.057733
-0.000329
0.057733
0.057733
0.057734
0.057733
0.057733
0.057733
0.057733
0.001162
0.057733
0.057733
0.057733
0.057733
0.057734
0.057734
0.057733
-0.000674
0.057734
0.057734
0.057734
0.057734
0.057733
0.057734
0.057733
0.001866
0.057734
0.057734
0.057734
0.057734
0.057733
0.057734
0.057734
0.001755
0.057734
0.057734
0.057734
0.057734
0.057734
0.057733
0.057733
-0.001788
0.057733
0.057733
0.057733
0.057734
0.057734
0.057733
0.057733
-0.000126
0.057734
0.057734
0.057734
0.057734
0.057734
0.057733
0.057733
-0.001143
0.057733
0.057733
0.057734
0.057734
0.057733
0.057734
0.057734
0.000324
0.057734
0.057733
0.057733
0.057733
0.057733
0.057733
0.057733
0.000122
0.057733
0.057733
0.057733
0.057734
0.057734
0.057734
0.057734
-0.000654
0.057734
0.057734
0.057733
0.057734
0.057734
0.057733
0.057733
0.002053
0.057734
0.057734
0.057734
0.057734
0.057734
0.057733
0.057733
0.000352
0.057734
0.057734
0.057734
0.057734
0.057734
0.057734
0.057733
0.000863
0.057734
0.057734
0.057734
0.057733
0.057733
0.057733
0.057733
0.000404
0.057734
0.057734
0.057734
0.057734
0.057733
0.057733
0.057733
0.000102
0.057733
0.057733
0.057733
0.057734
0.057734
0.057734
0.057733
-0.000801
0.057734
0.057733
0.057731
0.057731
0.057733
0.057733
0.057733
0.000785
0.057734
0.057734
0.057732
0.057731
0.057732
0.057733
0.057733
-0.001695
0.057734
0.057733
0.057733
0.057733
0.057734
0.057734
0.057733
-0.001718
0.057733
0.057733
0.057734
0.057733
0.057733
0.057734
0.057734
-0.001774
0.057734
0.057734
0.057734
0.057734
0.057734
0.057734
0.057734
-0.000231
0.057733
0.057733
0.057734
0.057734
0.057734
0.057734
0.057733
0.000025
0.057733
0.057733
0.057733
0.057734
0.057734
0.057733
0.057733
-0.000504
0.057734
0.057733
0.057733
0.057733
0.057734
0.057733
0.057733
0.003024
0.057733
0.057733
0.057733
0.057733
0.057732
0.057732
0.057733
0.000365
0.057732
0.057733
0.057730
0.057719
0.057719
0.057727
0.057715
-0.000586
0.057489
0.056831
0.056826
0.056783
0.056641
0.014645
-0.024832
-0.000706
-0.003965
0.001368
0.000300
-0.000408
-0.002202
0.001897
0.001242
0.001989
-0.000942
-0.000755
-0.000774
0.002013
-0.001482
-0.000291
0.001558
0.000186
-0.001571
-0.002178
0.000363
-0.000520
0.000039
-0.001916
-0.001435
-0.000634
-0.001166
0.001025
-0.002516
0.003309
0.000643
0.001729
0.000428
-0.000766
0.001488
0.000438
-0.000074
0.001494
-0.000350
0.000318
0.000538
0.000949
0.002194
0.002096
-0.000636
-0.001369
0.001557
-0.000347
-0.000447
-0.000581
-0.057305
-0.057322
-0.057319
-0.057305
-0.057312
-0.057322
-0.057274
-0.000145
-0.057675
-0.057660
-0.057628
-0.057409
-0.053600
0.022734
0.056369
0.000493
0.057725
0.057720
0.057722
0.057724
0.057719
0.057711
0.057709
-0.000583
0.057723
0.057728
0.057729
0.057722
0.057715
0.057712
0.057708
0.000255
0.057726
0.057721
0.057707
0.057708
0.057691
0.057683
0.057389
0.001978
0.057576
0.057549
0.057424
0.056771
0.056693
0.056720
0.056636
-0.000301
0.054782
-0.002647
-0.001807
-0.001524
0.000242
-0.001175
-0.000250
0.000584
0.000535
-0.001106
-0.000168
-0.002641
-0.002042
-0.000315
-0.000103
0.000272
-0.000951
0.000828
0.001631
0.001708
-0.000930
-0.001219
0.000588
-0.001793
0.002497
0.000754
-0.000935
-0.000742
-0.000415
-0.003524
-0.000068
0.001417
-0.053625
-0.053631
-0.053662
-0.053709
-0.053759
-0.053763
-0.054224
0.000696
-0.057720
-0.057723
-0.057726
-0.057729
-0.057731
-0.057731
-0.057712
-0.000021
0.057708
0.057728
0.057732
0.057731
0.057731
0.057732
0.057733
-0.002328
0.057733
0.057733
0.057732
0.057733
0.057734
0.057734
0.057734
0.000162
0.057734
0.057734
0.057734
0.057733
0.057733
0.057733
0.057734
-0.001201
0.057733
0.057733
0.057734
0.057734
0.057734
0.057734
0.057734
-0.000527
0.057734
0.057734
0.057734
0.057734
0.057734
0.057733
0.057733
-0.000750
0.057734
0.057734
0.057734
0.057733
0.057734
0.057733
0.057733
0.000080
0.057733
0.057733
0.057734
0.057733
0.057733
0.057733
0.057733
-0.000167
0.057733
0.057734
0.057734
0.057733
0.057733
0.057733
0.057733
0.001526
0.057733
0.057733
0.057733
0.057734
0.057733
0.057732
0.057732
0.002017
0.057733
0.057733
0.057732
0.057732
0.057732
0.057733
0.057731
-0.001082
0.057730
0.057732
0.057732
0.057730
0.057732
0.057733
0.057733
-0.000189
0.057734
0.057734
0.057734
0.057733
0.057733
0.057733
0.057732
0.004452
0.057734
0.057734
0.057734
0.057734
0.057734
0.057733
0.057733
0.000852
0.057734
0.057734
0.057734
0.057734
0.057733
0.057733
0.057734
-0.002370
0.057733
0.057733
0.057734
0.057734
0.057734
0.057733
0.057733
-0.001865
0.057733
0.057733
0.057734
0.057734
0.057734
0.057733
0.057733
-0.000448
0.057733
0.057733
0.057733
0.057733
0.057734
0.057733
0.057733
-0.000853
0.057733
0.057733
0.057733
0.057733
0.057733
0.057732
0.057733
-0.000460
0.057730
0.057730
0.057726
0.057705
0.057717
0.057716
0.057613
0.002877
0.057588
0.057355
0.056938
0.050978
0.051297
0.047764
0.029853
-0.000935
0.000384
0.000216
0.002277
0.002946
0.001863
0.000955
-0.000101
0.000730
0.001502
0.000794
-0.000868
0.000289
-0.000383
0.000114
0.000180
0.000526
-0.002020
-0.000042
0.001134
-0.002372
0.000749
-0.000205
-0.001316
0.000887
-0.002110
0.000836
-0.000572
0.000158
-0.000253
0.002015
-0.001203
-0.002044
0.001626
-0.000654
-0.001330
0.002530
-0.000128
-0.002300
0.000612
0.000902
0.000007
0.004593
-0.000351
0.002627
0.001652
-0.001105
0.001909
-0.000127
-0.055533
-0.055400
-0.055552
-0.055425
-0.055386
-0.055386
-0.054763
-0.002474
0.027440
-0.010825
-0.014424
-0.021094
-0.051698
-0.051679
0.051066
0.001257
0.057712
0.057653
0.057537
0.056045
0.056318
0.057160
0.057432
-0.000819
-0.017015
-0.010761
0.022640
0.056747
0.056734
0.056692
0.056485
0.000176
0.000456
-0.001642
-0.000926
0.000434
-0.001125
-0.001250
-0.000840
0.002031
0.000705
0.002173
-0.001685
0.000243
0.002563
0.003266
-0.000841
0.000887
0.000137
-0.001676
0.000446
-0.000388
-0.001416
0.000998
-0.001577
-0.000414
-0.001033
0.000734
-0.001374
-0.000179
-0.000329
-0.000500
-0.002242
0.000192
-0.036322
-0.036536
-0.037118
-0.037401
-0.035757
-0.037772
-0.036144
-0.000980
-0.057592
-0.057613
-0.057638
-0.057652
-0.057666
-0.057677
-0.057421
0.002267
-0.057460
0.057263
0.057688
0.057703
0.057663
0.057694
0.057673
-0.000809
0.057718
0.057724
0.057724
0.057725
0.057724
0.057721
0.057718
0.001040
0.057718
0.057712
0.057708
0.057706
0.057719
0.057729
0.057712
0.001561
0.057715
0.057713
0.057705
0.057708
0.057709
0.057685
0.057668
-0.000171
0.057715
0.057675
0.057662
0.057568
0.057604
0.057583
0.057590
-0.000845
0.051860
0.051171
0.051906
0.051186
0.051285
0.050878
0.048354
0.000462
-0.000084
-0.003447
0.002668
-0.002274
-0.001212
0.000989
0.001156
-0.000498
-0.001249
0.001634
-0.001226
0.000171
-0.001223
0.001579
0.001942
0.002707
-0.002717
0.000050
0.001628
-0.001868
-0.001272
-0.001004
0.002037
0.000785
-0.053790
-0.053991
-0.054056
-0.053700
-0.054146
-0.054059
-0.054291
0.000023
-0.057718
-0.057721
-0.057724
-0.057726
-0.057726
-0.057688
-0.057601
-0.000067
0.057724
0.057730
0.057732
0.057733
0.057732
0.057732
0.057732
-0.001532
0.057734
0.057734
0.057734
0.057733
0.057733
0.057733
0.057732
0.002139
0.057733
0.057733
0.057733
0.057734
0.057733
0.057733
0.057733
0.001601
0.057734
0.057734
0.057734
0.057734
0.057734
0.057734
0.057734
0.002556
0.057734
0.057733
0.057734
0.057734
0.057734
0.057734
0.057733
0.000129
0.057733
0.057733
0.057734
0.057734
0.057733
0.057733
0.057733
0.000289
0.057734
0.057734
0.057733
0.057733
0.057733
0.057734
0.057733
0.002364
0.057734
0.057734
0.057734
0.057734
0.057733
0.057733
0.057733
-0.000913
0.057734
0.057733
0.057733
0.057733
0.057733
0.057733
0.057733
0.000220
0.057733
0.057733
0.057733
0.057734
0.057734
0.057732
0.057731
-0.001229
0.057733
0.057733
0.057733
0.057732
0.057733
0.057733
0.057733
0.001964
0.057732
0.057733
0.057733
0.057733
0.057733
0.057732
0.057733
-0.000427
0.057734
0.057733
0.057733
0.057733
0.057733
0.057734
0.057733
0.000110
0.057734
0.057734
0.057734
0.057734
0.057734
0.057734
0.057733
-0.002742
0.057734
0.057734
0.057734
0.057734
0.057734
0.057734
0.057733
0.000093
0.057734
0.057733
0.057733
0.057733
0.057734
0.057733
0.057733
0.000015
0.057733
0.057733
0.057734
0.057733
0.057733
0.057733
0.057733
0.002678
0.057733
0.057733
0.057733
0.057733
0.057733
0.057733
0.057733
0.000217
0.057731
0.057729
0.057729
0.057721
0.057700
0.057702
0.057632
-0.002244
0.057596
0.057566
0.057019
0.055907
0.051513
0.049213
0.000264
-0.000758
0.051214
0.051444
0.051210
0.051031
0.050996
0.049434
-0.002319
-0.002097
0.001970
0.000052
0.002059
0.000574
-0.000455
0.001945
0.002080
0.000328
-0.003136
0.001733
0.000958
0.000717
-0.000651
-0.000927
0.000386
0.001788
-0.000502
-0.001723
-0.000911
-0.000812
0.001215
0.002058
0.000059
0.001321
-0.000010
-0.000086
0.001403
0.001546
-0.001298
-0.000637
0.001875
0.000371
0.001370
0.000383
-0.000726
0.000020
0.000525
0.001357
0.000676
-0.000336
-0.057617
-0.057620
-0.057636
-0.057637
-0.057643
-0.057527
-0.056672
-0.001578
-0.057280
-0.056697
-0.053805
-0.016742
0.048031
0.055847
0.056657
0.001449
0.057421
0.057510
0.057599
0.057645
0.057601
0.057629
0.057602
-0.001380
0.051544
0.051468
0.051441
0.051355
0.051236
0.051202
0.051901
0.002441
0.001160
0.001423
0.001543
0.000569
0.000885
-0.001470
0.001272
-0.000338
-0.001028
-0.002665
-0.000147
0.000364
0.001188
0.000960
-0.003871
-0.000212
-0.002411
0.000637
-0.000097
-0.000580
0.000158
-0.001290
0.000809
0.000280
-0.000513
-0.002622
-0.000739
-0.000873
-0.002055
0.001107
0.000359
-0.000858
-0.039292
-0.040012
-0.038905
-0.040108
-0.039593
-0.039284
-0.039629
0.000187
-0.057688
-0.057694
-0.057701
-0.057704
-0.057698
-0.057537
-0.055644
-0.001503
-0.056044
0.006170
0.055965
0.057328
0.057687
0.057710
0.057725
-0.002300
0.057724
0.057723
0.057726
0.057728
0.057726
0.057727
0.057722
-0.000876
0.057728
0.057725
0.057725
0.057724
0.057726
0.057731
0.057723
-0.000974
0.057731
0.057728
0.057729
0.057728
0.057729
0.057724
0.057713
0.001010
0.057732
0.057728
0.057719
0.057722
0.057722
0.057726
0.057730
0.000658
0.057715
0.057720
0.057706
0.057707
0.057710
0.057677
0.057663
-0.000246
0.052831
0.052262
0.051809
0.051131
0.051085
0.050451
0.046447
0.000642
0.001659
0.000286
0.000306
-0.001155
0.000566
0.000760
-0.000756
0.001231
-0.000528
0.000364
-0.000674
-0.000633
-0.000669
-0.001626
-0.000129
-0.000639
0.001363
0.000593
-0.000148
-0.001148
-0.000365
-0.000027
0.000554
-0.001685
-0.056818
-0.056820
-0.056828
-0.056906
-0.056925
-0.056939
-0.057016
-0.000496
-0.057728
-0.057729
-0.057729
-0.057730
-0.057730
-0.057726
0.053437
-0.001533
0.057733
0.057734
0.057734
0.057733
0.057732
0.057732
0.057733
0.002350
0.057733
0.057733
0.057733
0.057734
0.057734
0.057734
0.057733
0.001992
0.057734
0.057734
0.057733
0.057733
0.057734
0.057734
0.057734
0.000519
0.057734
0.057734
0.057734
0.057734
0.057733
0.057733
0.057733
-0.000488
0.057734
0.057734
0.057734
0.057733
0.057733
0.057733
0.057733
-0.000730
0.057734
0.057733
0.057733
0.057733
0.057733
0.057733
0.057733
-0.001460
0.057734
0.057734
0.057734
0.057733
0.057733
0.057733
0.057733
-0.000872
0.057734
0.057734
0.057734
0.057733
0.057733
0.057734
0.057733
-0.000455
0.057734
0.057733
0.057733
0.057733
0.057733
0.057733
0.057732
0.000551
0.057734
0.057734
0.057733
0.057733
0.057734
0.057734
0.057733
0.000591
0.057733
0.057734
0.057734
0.057734
0.057733
0.057734
0.057733
0.000386
0.057734
0.057734
0.057734
0.057734
0.057734
0.057733
0.057733
0.001745
0.057734
0.057734
0.057734
0.057734
0.057734
0.057734
0.057733
-0.000574
0.057734
0.057734
0.057734
0.057734
0.057734
0.057733
0.057733
-0.000315
0.057733
0.057733
0.057734
0.057733
0.057733
0.057734
0.057733
-0.000569
0.057734
0.057734
0.057733
0.057733
0.057733
0.057733
0.057733
0.000778
0.057733
0.057733
0.057733
0.057733
0.057733
0.057733
0.057733
0.000545
0.057733
0.057733
0.057733
0.057733
0.057733
0.057733
0.057731
-0.000650
0.057733
0.057732
0.057732
0.057731
0.057729
0.057731
0.057728
0.000066
0.057729
0.057731
0.057731
0.057729
0.057731
0.057732
0.057730
-0.001848
0.057733
0.057733
0.057732
0.057732
0.057733
0.057734
0.057734
0.002010
0.057733
0.057733
0.057733
0.057733
0.057733
0.057732
0.057733
0.001432
0.057734
0.057734
0.057734
0.057734
0.057734
0.057734
0.057734
-0.000104
0.057733
0.057734
0.057734
0.057734
0.057733
0.057733
0.057733
-0.000226
0.057733
0.057733
0.057734
0.057734
0.057733
0.057733
0.057733
0.003117
0.057734
0.057733
0.057733
0.057733
0.057733
0.057733
0.057733
-0.000172
0.057733
0.057733
0.057733
0.057733
0.057732
0.057732
0.057728
0.000504
0.057729
0.057720
0.057703
0.057651
0.057468
0.054955
0.054307
-0.000733
0.044663
-0.000055
0.000249
-0.000426
0.001723
-0.000318
0.001456
-0.000017
-0.000586
-0.001899
-0.000324
0.001672
-0.000893
0.000315
0.000462
-0.001678
0.001271
-0.001145
0.002607
0.001574
-0.000898
-0.001512
-0.001257
-0.002280
-0.003149
0.001296
-0.000201
0.000455
-0.000025
-0.000211
-0.000588
0.000369
-0.000910
-0.000765
-0.001492
0.000468
-0.000608
0.000388
-0.000453
-0.002294
0.001531
0.001577
-0.000109
-0.000037
-0.001479
-0.000270
-0.000642
0.002517
-0.001539
-0.001389
-0.002404
-0.000192
0.001589
0.000981
-0.001801
0.000012
-0.051965
-0.051785
-0.052174
-0.052107
-0.052123
-0.051531
-0.049893
-0.001068
0.033208
0.030626
0.033081
0.033563
0.031705
0.033258
0.030958
-0.003114
0.000496
-0.003293
-0.000575
0.001221
0.002557
0.001770
0.001774
-0.000833
0.001076
0.001294
-0.000287
-0.002045
-0.002836
-0.001311
0.000124
0.000436
0.000879
0.000006
-0.000032
0.001458
0.000328
0.003375
0.000718
0.002653
-0.001235
0.001061
0.003289
-0.001273
0.001489
-0.001422
0.001629
-0.000894
0.000261
0.001133
-0.001724
0.001240
0.001358
0.000198
0.000008
-0.000163
-0.000323
-0.002149
0.001109
0.003142
-0.001850
-0.000231
0.000860
0.000573
-0.056271
-0.056230
-0.056337
-0.056351
-0.056239
-0.056346
-0.056143
0.002445
0.056702
0.056669
0.056419
0.049236
0.049566
0.049307
0.048845
-0.000059
0.057183
0.056853
0.056154
0.053088
0.027317
0.015620
0.052531
0.000404
-0.000162
0.000130
0.002354
-0.002159
-0.000452
0.000472
0.001425
-0.001926
-0.002128
0.000312
0.000328
0.002428
0.001295
0.001390
0.003834
0.001110
0.001562
0.000647
-0.000691
-0.000886
-0.001992
-0.000509
0.002633
-0.000282
0.001248
0.000763
0.000807
0.000612
0.001635
-0.001096
0.000786
-0.001340
-0.001211
0.001081
-0.000858
-0.001010
-0.001409
-0.000536
-0.000233
-0.000904
-0.051241
-0.050904
-0.051225
-0.051272
-0.051453
-0.051463
-0.051794
-0.001179
-0.057705
-0.057704
-0.057700
-0.057692
-0.057675
-0.057606
-0.056880
0.001345
0.057664
0.057675
0.057716
0.057723
0.057726
0.057704
0.057708
-0.001704
0.057686
0.057691
0.057696
0.057697
0.057666
0.057669
0.057487
0.000655
0.057628
0.057594
0.057583
0.057491
0.056190
0.056875
0.057127
-0.000012
0.052081
0.050894
0.043548
-0.000323
0.001268
0.000319
-0.001706
0.000052
0.001577
0.000763
0.000507
0.003161
0.001359
-0.000504
-0.001287
0.000143
-0.001239
0.003156
0.001348
-0.000106
0.001148
-0.000930
0.002218
-0.001143
-0.001025
0.000331
-0.002235
-0.000448
-0.000859
0.000044
-0.001818
-0.000197
0.000099
-0.000585
0.000886
0.000563
-0.000394
0.000929
0.001692
-0.000457
-0.057656
-0.057659
-0.057662
-0.057665
-0.057665
-0.057672
-0.057677
-0.000983
-0.057723
-0.057710
-0.053486
0.057621
0.057711
0.057722
0.057727
-0.002505
0.057732
0.057733
0.057732
0.057733
0.057733
0.057734
0.057733
0.002189
0.057734
0.057734
0.057733
0.057731
0.057732
0.057733
0.057733
-0.000825
0.057734
0.057734
0.057733
0.057733
0.057734
0.057733
0.057733
-0.000710
0.057734
0.057734
0.057734
0.057734
0.057734
0.057734
0.057733
-0.000338
0.057734
0.057734
0.057734
0.057734
0.057733
0.057733
0.057733
0.001505
0.057734
0.057734
0.057734
0.057733
0.057733
0.057733
0.057733
0.001915
0.057733
0.057733
0.057733
0.057733
0.057733
0.057733
0.057733
0.001844
0.057734
0.057734
0.057733
0.057733
0.057733
0.057733
0.057733
-0.002210
0.057733
0.057733
0.057732
0.057729
0.057727
0.057725
0.057718
0.000076
0.057733
0.057732
0.057727
0.057717
0.057708
0.057710
0.057704
0.003145
0.057697
0.057692
0.057693
0.057711
0.057711
0.057664
0.057301
-0.000307
0.050770
0.045749
0.001867
0.000306
0.000605
0.001797
-0.000676
0.000391
0.000156
-0.000961
-0.000558
-0.001161
0.002918
0.001629
0.002846
-0.000940
-0.003212
-0.000102
-0.000767
0.000597
-0.001055
0.000376
0.001267
0.002092
-0.001203
0.000060
-0.003528
0.000958
0.001352
-0.001491
0.000524
-0.000442
-0.000241
0.001590
-0.000389
0.000142
-0.001077
-0.002643
-0.001153
-0.000432
-0.055208
-0.054998
-0.054975
-0.054991
-0.054883
-0.055227
-0.055365
-0.000709
-0.057681
-0.057684
-0.057689
-0.057688
-0.057684
-0.057500
-0.057368
-0.000356
0.057488
0.057635
0.057657
0.057674
0.057706
0.057706
0.057712
0.000353
0.057725
0.057718
0.057715
0.057701
0.057709
0.057703
0.057654
0.000340
0.057730
0.057729
0.057730
0.057726
0.057716
0.057717
0.057718
0.000633
0.057723
0.057716
0.057709
0.057691
0.057715
0.057706
0.057615
-0.000519
0.057717
0.057724
0.057711
0.057681
0.057685
0.057684
0.057669
-0.001436
0.051743
0.047326
0.001934
0.000202
-0.002252
0.000695
0.000959
-0.000450
-0.000335
0.001645
0.000426
-0.002337
0.001762
-0.001076
0.001393
0.001024
0.000203
-0.001988
-0.000069
-0.000686
-0.001768
-0.002741
-0.002062
-0.000506
0.002021
0.001643
0.001138
0.003292
-0.000171
0.001187
0.000697
-0.000901
-0.050200
-0.050048
-0.050971
-0.050794
-0.050905
-0.051306
-0.050979
-0.000396
-0.057711
-0.057709
-0.057706
-0.057698
-0.057683
-0.057636
-0.057313
-0.001969
0.057719
0.057731
0.057729
0.057730
0.057732
0.057733
0.057729
-0.000247
0.057733
0.057734
0.057734
0.057734
0.057734
0.057733
0.057733
-0.001834
0.057734
0.057734
0.057733
0.057733
0.057734
0.057733
0.057732
0.001198
0.057733
0.057733
0.057734
0.057734
0.057734
0.057734
0.057734
0.000849
0.057734
0.057734
0.057734
0.057734
0.057734
0.057733
0.057733
0.000854
0.057734
0.057734
0.057733
0.057733
0.057733
0.057733
0.057733
-0.001592
0.057734
0.057733
0.057733
0.057733
0.057733
0.057733
0.057733
0.001393
0.057733
0.057734
0.057733
0.057734
0.057733
0.057733
0.057733
-0.001641
0.057733
0.057733
0.057734
0.057733
0.057733
0.057733
0.057733
-0.000027
0.057733
0.057733
0.057733
0.057733
0.057733
0.057733
0.057733
-0.000806
0.057733
0.057733
0.057733
0.057733
0.057733
0.057731
0.057732
-0.000562
0.057734
0.057733
0.057734
0.057733
0.057732
0.057733
0.057734
-0.001452
0.057734
0.057734
0.057733
0.057734
0.057734
0.057734
0.057734
-0.000261
0.057734
0.057734
0.057733
0.057733
0.057733
0.057734
0.057733
-0.001459
0.057734
0.057734
0.057734
0.057734
0.057734
0.057733
0.057733
-0.000171
0.057734
0.057734
0.057733
0.057733
0.057733
0.057733
0.057733
-0.001423
0.057733
0.057733
0.057733
0.057733
0.057733
0.057733
0.057733
0.000000
